FILENAME,PREDICT_LABEL,TRUE_LABEL,MATCHING,ANGER_POSSIBILITY,DISGUST_POSSIBILITY,FEAR_POSSIBILITY,JOY_POSSIBILITY,NEUTRAL_POSSIBILITY,SADNESS_POSSIBILITY,SURPRISE_POSSIBILITY
dia103_utt3.wav,surprise,surprise,True,0.09955482638876821,0.0327682228482944,0.03757060795527014,0.060949273255724634,0.053859579951819274,0.04404073547454375,0.6712567541255797
dia103_utt5.wav,surprise,surprise,True,0.04215072958178541,0.07544602258058702,0.02,0.05389418399265888,0.06026244682212768,0.0710787276767215,0.6771678893461193
dia104_utt0.wav,joy,joy,True,0.11505704315473532,0.08501896861853565,0.06766936026138469,0.2800684282748271,0.19756761448324314,0.13247489036038662,0.12214369484688747
dia104_utt2.wav,neutral,neutral,True,0.09154295909684912,0.04457540902893837,0.04760856601461746,0.07876265902509173,0.613600184369302,0.0542716947895683,0.06963852767563306
dia106_utt0.wav,anger,anger,True,0.7246542321152463,0.034037241985964146,0.040231633069511184,0.05025979576247087,0.0720903149220486,0.03417572662914294,0.04455105551561602
dia109_utt1.wav,joy,joy,True,0.05077180605289185,0.021383275247453395,0.05590771216350507,0.6240331746327501,0.12317859280703404,0.04644158109314547,0.07828385800322059
dia109_utt6.wav,neutral,neutral,True,0.08840054472375752,0.08012240933481472,0.12670528539551904,0.17791298861740326,0.2716810169942521,0.1258179853356147,0.12935976959863868
dia10_utt0.wav,anger,anger,True,0.64213779757636,0.023494991094934487,0.06630609328907573,0.10169187597980897,0.05495526713448668,0.05127188419318519,0.060142090732149066
dia10_utt1.wav,neutral,neutral,True,0.05404588493784322,0.020415360501567403,0.08687341569243852,0.07271461178569764,0.6134752074763472,0.047810915985214475,0.1046646036208916
dia10_utt2.wav,neutral,neutral,True,0.09856364499940144,0.07246278578943124,0.053386952906524975,0.06722666837242716,0.5570405250556345,0.08835799200725923,0.06296143086932139
dia110_utt0.wav,surprise,surprise,True,0.039247910397509946,0.03174629316772549,0.0877050446269166,0.0891085722058183,0.07542207204409129,0.04747254226596361,0.6292975652919747
dia111_utt12.wav,neutral,neutral,True,0.051159652106886916,0.05032268751868354,0.07351588028743337,0.09884891237647946,0.5566298953902574,0.10866066059722376,0.06086231172303548
dia111_utt14.wav,neutral,neutral,True,0.07444488475236526,0.04947169960175723,0.15234019674061966,0.17828082178123508,0.2511530077717665,0.09671941762213537,0.19758997173012094
dia113_utt2.wav,joy,joy,True,0.030660294747217414,0.012008025687356962,0.03138189750161153,0.7433662545170405,0.07724845552398926,0.027595966997797792,0.07773910502498722
dia113_utt7.wav,anger,anger,True,0.798680605789444,0.017332027168234062,0.02413106843503519,0.06059701425932548,0.043734428297363695,0.026276949778648185,0.029247906271949464
dia114_utt1.wav,disgust,neutral,False,0.0745531528878314,0.2890763283023778,0.07122561748536299,0.12697802269943576,0.1557368541621142,0.20794650990634056,0.07448351455653733
dia114_utt5.wav,joy,joy,True,0.0698745186732784,0.033800130397092565,0.05204351068662945,0.6170525759886093,0.05890928193041003,0.05676624867370265,0.11155373365027826
dia116_utt1.wav,neutral,neutral,True,0.08040520279889636,0.03241517925228886,0.0558761994569897,0.06139993358190541,0.58005746966104,0.09027248713399799,0.09957352811488157
dia116_utt5.wav,sadness,sadness,True,0.050372942415855444,0.15075813879537062,0.07989810275276936,0.03989471783409474,0.03740955365433081,0.6037498778809121,0.03791666666666667
dia121_utt1.wav,joy,joy,True,0.053879926516696174,0.057642881835886624,0.06229393681498879,0.5624519647322977,0.10315857076551381,0.06636596366102002,0.09420675567359738
dia121_utt3.wav,sadness,neutral,False,0.09630926950696306,0.15450597929806276,0.12427852021415933,0.1653310128800169,0.15208525788946767,0.22315745642494123,0.08433250378638914
dia121_utt5.wav,joy,joy,True,0.03250387884089031,0.01037938692575022,0.04633784220733686,0.6856507168935422,0.09089619720322309,0.034166142268394616,0.10006583566086316
dia125_utt11.wav,joy,joy,True,0.1031867446653225,0.038439244440209304,0.048443554968880524,0.6138855658716006,0.08067036253169717,0.04671540733399381,0.06865912018829647
dia125_utt12.wav,neutral,neutral,True,0.10682156756642724,0.10161699540209365,0.12490007941520917,0.13771993897640372,0.27860461925882396,0.16120060002674846,0.0891361993542937
dia125_utt14.wav,surprise,surprise,True,0.12783127898008206,0.03676663865335102,0.052528305259418595,0.09618044354064091,0.0733561296527091,0.061033948907180856,0.5523032550066171
dia125_utt17.wav,surprise,surprise,True,0.036893512070566396,0.03420182377564196,0.05993044839081633,0.06637060865177706,0.12586329486397776,0.03135839581134932,0.6453819164358712
dia125_utt18.wav,anger,anger,True,0.7732530938568916,0.022706519619400223,0.023870576682726602,0.04425173463206247,0.05932905418634661,0.038043825165970976,0.038545195856601835
dia125_utt19.wav,anger,anger,True,0.7684390326833515,0.016704052886216937,0.030598996066018742,0.04322146908925565,0.06232199824810797,0.04288493082299244,0.03582952020405662
dia125_utt22.wav,surprise,surprise,True,0.09354995785674051,0.1692918557407507,0.06004727053057876,0.08857403986294132,0.11118883676671619,0.14504230193344414,0.3323057373088284
dia125_utt4.wav,neutral,neutral,True,0.052960153966045705,0.09202618696242437,0.032741366643167284,0.06934883306192399,0.6212333621864915,0.05060981136318931,0.08108028581675768
dia125_utt7.wav,surprise,surprise,True,0.12974411107097444,0.06636714511166163,0.16369968192315773,0.1343244823263664,0.18988245534494638,0.1193038916444991,0.19667823257839423
dia125_utt8.wav,neutral,neutral,True,0.13213796155218863,0.14399603139506656,0.09040422594587935,0.13689882023704025,0.20973347527005146,0.1595234538184904,0.12730603178128352
dia125_utt9.wav,neutral,neutral,True,0.1035988093522169,0.052264766656920904,0.1246669465535836,0.2042663797480018,0.23470883891355535,0.10669386384453297,0.17380039493118857
dia129_utt4.wav,disgust,neutral,False,0.119926104930494,0.24229313431931154,0.08905903619581651,0.14273563003491294,0.09884346532323754,0.21022576700961973,0.09691686218660779
dia131_utt7.wav,neutral,neutral,True,0.03753110928975314,0.02249437397518937,0.07679631327231717,0.06534954994195535,0.6511301207026764,0.043954932294041675,0.10274360052406692
dia132_utt13.wav,sadness,neutral,False,0.12108345064348881,0.17346166620438247,0.04844585030588657,0.09984286112194461,0.19186163450988605,0.2140066299384789,0.15129790727593265
dia132_utt14.wav,neutral,neutral,True,0.06953906122246209,0.10289698153398084,0.030046517472834277,0.07817798120033577,0.5627154894657622,0.0960731004419651,0.060550868662659504
dia132_utt18.wav,neutral,neutral,True,0.05603976177940807,0.09088018698319823,0.05642089482231913,0.08540996522606462,0.5601017164359123,0.08317235141523777,0.06797512333785972
dia132_utt6.wav,disgust,neutral,False,0.12201777761121647,0.23448674890726498,0.06426641258516966,0.15170628088210866,0.1782981228734094,0.1390030726397033,0.1102215845011275
dia132_utt8.wav,neutral,neutral,True,0.08744398837812095,0.0538563074352548,0.061223076379846704,0.07556539425420696,0.570886035173389,0.07666010176240594,0.0743650966167758
dia137_utt10.wav,surprise,surprise,True,0.02840992078649665,0.012705723729993039,0.033798407777592354,0.05071521002593102,0.07199309712726076,0.031450846937908554,0.7709267936148175
dia137_utt12.wav,surprise,surprise,True,0.08323608876232753,0.0789861469854932,0.050430823330738776,0.06644886142908533,0.05203785585401932,0.09522299338292914,0.5736372302554067
dia137_utt13.wav,anger,anger,True,0.624774032283202,0.03452063753385821,0.06092690058479532,0.0789040973376203,0.0827097870528111,0.055260628492016226,0.0629039167156967
dia137_utt14.wav,anger,anger,True,0.5854566817720458,0.024225886722948634,0.055764854483299826,0.07897191361564833,0.09937514433075398,0.031248092736848355,0.12495742633845502
dia140_utt0.wav,anger,anger,True,0.6032564800328756,0.04053640792750521,0.05676603883202552,0.07773442573883417,0.10179505700785116,0.040889737808854715,0.07902185265205365
dia140_utt11.wav,anger,anger,True,0.8073560168532963,0.022414669106079498,0.0370017880983757,0.04394292883736182,0.03832478569920852,0.01895325693351029,0.032006554472167735
dia140_utt13.wav,sadness,sadness,True,0.06420988709573906,0.16530079056439348,0.06513183639405956,0.038101109491952015,0.041411052576354204,0.5651266883264227,0.06071863555107915
dia140_utt8.wav,sadness,sadness,True,0.06335756277296808,0.07391089359122777,0.04103861040079312,0.060409702420559146,0.043817655609846566,0.653573571502849,0.06389200370175614
dia140_utt9.wav,joy,joy,True,0.056597703248376534,0.04953216657928563,0.050564293589741134,0.6413472370357711,0.08838313499382223,0.037466005792741924,0.07610945876026212
dia147_utt10.wav,joy,joy,True,0.07053632920096532,0.04108505352964622,0.046569770124717066,0.6346825245820227,0.0973722138219868,0.051245817823500336,0.0585082909171622
dia147_utt2.wav,sadness,sadness,True,0.06588030158637016,0.0287601512451182,0.0554856365247038,0.06311766057155913,0.064828035061691,0.6449219890874534,0.07700622592310422
dia14_utt1.wav,joy,joy,True,0.12207375037090058,0.058518637921874415,0.03194832091479869,0.6006873913610253,0.057965519418329114,0.06333369883709461,0.06547268117597764
dia14_utt4.wav,neutral,neutral,True,0.06622180188673094,0.029329053582981022,0.04395873822846592,0.07832121890520863,0.6279300103052311,0.05232956445777352,0.10190961263360869
dia14_utt5.wav,neutral,neutral,True,0.07449303742236991,0.04317440961027615,0.041371915138424906,0.05218913885249086,0.6218448904072057,0.07759945496035764,0.08932715360887478
dia153_utt2.wav,neutral,neutral,True,0.08386356253129217,0.02708344661539338,0.05513028120178136,0.08958832370011331,0.6330903551727707,0.05091140586556281,0.0603326249130862
dia153_utt3.wav,neutral,neutral,True,0.04217741981372848,0.04087476397217106,0.04882550548677344,0.09661697263059812,0.5926033794306402,0.09913369437685414,0.07976826428923434
dia153_utt4.wav,fear,fear,True,0.03556986959187296,0.043136808969533966,0.6349905641498992,0.05201578732547716,0.0781150287925056,0.053440386458572825,0.10273155471213831
dia153_utt7.wav,disgust,neutral,False,0.14555240323015453,0.2641262113793903,0.04423261785382533,0.14538965816536847,0.1416719565878278,0.15753144256467416,0.10149571021875943
dia154_utt4.wav,neutral,neutral,True,0.04490603243687304,0.03667087810054384,0.05958171329629609,0.0705452805667154,0.6194277543219696,0.05430324996091627,0.11456509131668563
dia157_utt0.wav,neutral,neutral,True,0.07202099823005144,0.03512763270600482,0.09753550987230081,0.08001153103156686,0.6058651346961841,0.05598884447725639,0.053450348986635185
dia157_utt1.wav,anger,neutral,False,0.17779148809508669,0.15557929991590577,0.1006469628397096,0.16501058406748106,0.15030360711890042,0.123316307011263,0.1273517509516536
dia157_utt3.wav,joy,neutral,False,0.2033421129129216,0.11500290519083102,0.09155484263609827,0.21862150620545098,0.1449729223014748,0.14343922145165003,0.0830664893015733
dia157_utt7.wav,neutral,neutral,True,0.09279573346084799,0.07627732018167914,0.10054137630662023,0.15839702133947564,0.24941712036029148,0.16233263043601823,0.1602387979150673
dia15_utt5.wav,anger,anger,True,0.6763205073720497,0.03920123046823678,0.032247390396659706,0.07061263326054934,0.06111845379203761,0.06944306028900633,0.051056724421460496
dia160_utt9.wav,anger,anger,True,0.5699591192006097,0.08505387449506983,0.06207915274484146,0.08273282001183317,0.08223103910918708,0.07732850440787566,0.040615490030582985
dia164_utt4.wav,disgust,neutral,False,0.10728205029137775,0.2274737988471617,0.06787784875209574,0.15413435452285434,0.19339342751079208,0.1441756039285092,0.10566291614720928
dia166_utt1.wav,anger,anger,True,0.6348122307360146,0.04942908704515431,0.08048588368843759,0.06815236970711325,0.04849787803767255,0.04532810510802974,0.073294445677578
dia166_utt10.wav,neutral,neutral,True,0.08703960486575867,0.07352381714739258,0.05517511196011072,0.06055393997730373,0.5783387189821156,0.08004690694025324,0.06532190012706525
dia166_utt11.wav,neutral,neutral,True,0.11308060841973512,0.03674476933171575,0.048035145868772944,0.08802947874843994,0.5938722821688226,0.049040987918899034,0.07119672754361438
dia166_utt12.wav,neutral,neutral,True,0.027639598529951872,0.01775,0.046037345988556105,0.06439919618060336,0.6943525979217711,0.03344315320045982,0.11637810817865799
dia166_utt13.wav,neutral,neutral,True,0.08719839535619306,0.22590108728631705,0.10012001308881013,0.08336174605574304,0.23227262947488037,0.11760991035977413,0.15353621837828213
dia166_utt3.wav,anger,anger,True,0.6939961439973179,0.05145867307622396,0.049035039047270565,0.05454338346772612,0.041569333057602964,0.05274738903323058,0.05665003832062775
dia166_utt5.wav,sadness,sadness,True,0.027000000000000003,0.012564328575439994,0.014375,0.051046123899695275,0.04512188012096762,0.7884399616122865,0.06145270579161021
dia166_utt9.wav,neutral,neutral,True,0.1870075928709849,0.09650111707200605,0.06267619281425262,0.20134084295597002,0.2226263074620084,0.1134288177629531,0.11641912906182492
dia168_utt0.wav,sadness,neutral,False,0.1211613277295938,0.18404914684368243,0.10856179919800425,0.17179369579240258,0.1404253884536862,0.21480001184061165,0.05920863014201919
dia168_utt11.wav,anger,anger,True,0.7270371697727152,0.027079561735180446,0.03607530010072119,0.06711864637192978,0.06107524094678081,0.05016129956540536,0.03145278150726718
dia168_utt2.wav,joy,neutral,False,0.10017839492214785,0.2041554927419728,0.07889223312795828,0.21380646581665197,0.12852191935439933,0.2010571186711177,0.07338837536575211
dia169_utt14.wav,neutral,neutral,True,0.08889034948368021,0.0729783869195951,0.041376292133278515,0.06121781669034788,0.6205506886679826,0.06466447794979936,0.05032198815531595
dia169_utt18.wav,disgust,disgust,True,0.05849934691745036,0.7421779950487334,0.026944849879844433,0.04566589475420856,0.06604978002363278,0.027089623367017052,0.03357251000911333
dia169_utt20.wav,neutral,neutral,True,0.05196464554058093,0.05278568304173231,0.042786152656592226,0.07427440451088314,0.5888289110154645,0.09126668305397728,0.09809352018076928
dia169_utt5.wav,surprise,surprise,True,0.032538691021220416,0.015832028531663187,0.041579292437155614,0.07900050290313146,0.09591095871043054,0.038774952354533966,0.6963635740418646
dia169_utt8.wav,surprise,surprise,True,0.008164057063326374,0.018635193578191836,0.09033035898801675,0.034283355481166365,0.05255976378385732,0.03681892230401522,0.759208348801426
dia16_utt1.wav,sadness,neutral,False,0.11177875348994791,0.1125008187038651,0.13466828803655104,0.18161305380324008,0.17644818543876284,0.193674336908228,0.08931656361940521
dia16_utt2.wav,neutral,neutral,True,0.08760562209930024,0.04583499248332345,0.13700021216794156,0.1191845296239674,0.2941185850662631,0.12361688443163084,0.1926391741275734
dia170_utt0.wav,surprise,surprise,True,0.029839368300756113,0.008748839368616528,0.05584923814732083,0.046574154427381005,0.12631967615342013,0.03206872726402936,0.7005999963384759
dia176_utt0.wav,anger,neutral,False,0.21971545574803497,0.11157894879073081,0.08196214036325733,0.14850216037820302,0.17013181825680992,0.19278660791084892,0.07532286855211524
dia179_utt1.wav,anger,anger,True,0.7513250145675394,0.02953836511321171,0.07748597979999666,0.03945607356613733,0.030245810341646445,0.02149316260110266,0.05045559401036572
dia17_utt2.wav,neutral,neutral,True,0.09640769863369235,0.08142073463839447,0.12181097545195037,0.19059115965470738,0.20834940400749485,0.18743074333954668,0.11398928427421395
dia181_utt0.wav,neutral,neutral,True,0.05655743548242522,0.056055936454903234,0.05424251275638489,0.07791589495931932,0.576164513549756,0.09550512023748865,0.0835585865597226
dia183_utt1.wav,joy,neutral,False,0.13966277344939665,0.12908717703539202,0.08975502946692457,0.23222731986781256,0.15007445484555343,0.17516806988439954,0.08402517545052132
dia183_utt4.wav,neutral,neutral,True,0.06004527399349425,0.07641420449903356,0.029991560738717532,0.067407582714787,0.585733022624743,0.11916059820335162,0.06124775722587279
dia183_utt5.wav,neutral,neutral,True,0.09007182988296276,0.1052217761192556,0.06226826619685985,0.15442553378514512,0.31620957732995125,0.1395230128797951,0.13228000380603042
dia183_utt6.wav,neutral,neutral,True,0.05307411892957036,0.05128841576666268,0.034264909986227304,0.06403495172781486,0.6265786242711517,0.0989113337972182,0.0718476455213548
dia183_utt8.wav,neutral,neutral,True,0.06131838921386909,0.04597683690323289,0.06088193480719012,0.09850002364821757,0.6117862384911708,0.041637417069064805,0.07989915986725477
dia185_utt3.wav,joy,joy,True,0.036367375198358004,0.011900752770589162,0.04170324763218398,0.6765448982508516,0.10441588217643911,0.03494871325800403,0.09411913071357465
dia185_utt7.wav,neutral,neutral,True,0.08563527801493079,0.0894465909800576,0.03845733495744093,0.10643456083597407,0.5025246253090638,0.1078849419311567,0.06961666797137582
dia186_utt3.wav,sadness,sadness,True,0.16382450174771787,0.1220722046872384,0.15383180733924398,0.12924321093870936,0.0666156764423764,0.22077652356237543,0.14363607528233865
dia188_utt0.wav,neutral,neutral,True,0.10173496753029539,0.07152854094843257,0.13645673873489672,0.16795582118724525,0.2511500112099983,0.13791602970456984,0.13325789068456195
dia188_utt8.wav,joy,joy,True,0.11209762872054094,0.04211368444330392,0.1027724942246685,0.36176413121791073,0.15104366350769194,0.11469300581544271,0.11551539207044137
dia189_utt0.wav,joy,joy,True,0.06816525833048233,0.0330950308027102,0.08269351477808491,0.5994190719366457,0.10179454763343342,0.052299434029736414,0.06253314248890757
dia189_utt4.wav,neutral,neutral,True,0.05289391764996883,0.08633826309217175,0.022165432864024122,0.0650549636722034,0.5709015908154238,0.10661639697591081,0.09602943493029721
dia189_utt5.wav,neutral,neutral,True,0.07545074910183114,0.08872368354531047,0.035462072117122795,0.065098039662348,0.6281082695795849,0.05753174317957722,0.049625442814225346
dia189_utt7.wav,surprise,surprise,True,0.08528319650746775,0.05477167411238128,0.04483947739844825,0.07263916738775128,0.055738369750906076,0.05424621455049129,0.6324819002925539
dia198_utt2.wav,anger,anger,True,0.6294780593381408,0.03279720098741838,0.07211794862391577,0.09465747138350884,0.0589165315836817,0.03826423107842006,0.07376855700491404
dia198_utt6.wav,joy,joy,True,0.12085989078422701,0.04285452406410308,0.055783963920260395,0.6228112220774349,0.06083225269377639,0.0614356612410168,0.035422485219181746
dia198_utt7.wav,joy,joy,True,0.12631629424978946,0.053016936374808185,0.057900557399049556,0.5537288395860233,0.07228271744103468,0.06698005869086439,0.06977459625843094
dia198_utt8.wav,anger,anger,True,0.599009811561052,0.02857922740632539,0.046636685000687905,0.0804273157154705,0.10991065537004639,0.04399358005793773,0.0914427248884799
dia1_utt0.wav,sadness,neutral,False,0.09523485393138156,0.11855643874074132,0.07707240397068663,0.2244563736134277,0.13286282728128815,0.2870761453445508,0.06474095711792391
dia1_utt4.wav,joy,joy,True,0.06852257574042978,0.06987440069182349,0.042904074751854884,0.5733720506287109,0.10094804763236284,0.06694581416863107,0.07743303638618772
dia201_utt0.wav,anger,neutral,False,0.18654874396396764,0.15082960338240936,0.09376607060095758,0.16138538876276162,0.15739159685133636,0.17221837300467682,0.07786022343389067
dia201_utt10.wav,surprise,surprise,True,0.07312852360003803,0.029991146292231746,0.055875698702318066,0.07441831644777491,0.11361374795037872,0.04077362937545201,0.6121989376318063
dia201_utt2.wav,joy,joy,True,0.05536988850559577,0.03587393268106787,0.02497505838606165,0.701110733030646,0.052151032607597105,0.07475173037918124,0.0557676244098509
dia201_utt3.wav,neutral,neutral,True,0.0422413821878578,0.03837583593526827,0.05860763346278014,0.08987352124109016,0.6074965853956119,0.06542935304208307,0.09797568873530843
dia201_utt6.wav,neutral,neutral,True,0.15375565807170213,0.1109866673604586,0.1225206169587112,0.1495324201157168,0.21515498725606405,0.1306988231342477,0.11735082710309958
dia201_utt8.wav,anger,anger,True,0.6411220940737102,0.04343798536807695,0.04678999747088291,0.08540067939005488,0.05844778091441872,0.03488936115335619,0.08991210162950009
dia202_utt0.wav,neutral,neutral,True,0.043919215400031186,0.05528743883926136,0.06161615119322172,0.07001564248465389,0.618056831444364,0.08343224406945911,0.06767247656900863
dia202_utt2.wav,joy,joy,True,0.07666423972319862,0.04935482896215577,0.027846885635530554,0.6934084079148893,0.06516068185832465,0.044084792293447125,0.04348016361245459
dia205_utt1.wav,anger,anger,True,0.7245738481773936,0.046547167835826776,0.023235655289014542,0.06771317929031814,0.06432140083481301,0.03449298339507658,0.03911576517755748
dia206_utt0.wav,joy,joy,True,0.12598373803144988,0.06133357043909154,0.04878921924014846,0.6270908231495418,0.053942052327271256,0.03433282165424971,0.04852777515824764
dia208_utt1.wav,neutral,neutral,True,0.07885207185775069,0.028330795133421814,0.06177991784603042,0.08359645764952683,0.6108033522428507,0.06807956309860956,0.06855784217181012
dia208_utt10.wav,neutral,neutral,True,0.06440286320292944,0.09627406822385522,0.03166814154539501,0.08364332920694796,0.5319814006938924,0.11397695196768685,0.07805324515929284
dia208_utt2.wav,neutral,neutral,True,0.06524262655018469,0.05217203742211398,0.036947214185440724,0.10285933746788968,0.5754266412993455,0.089867603696574,0.07748453937845146
dia208_utt4.wav,sadness,sadness,True,0.059511936062942056,0.03333217270194986,0.058990337882799324,0.060970662437437234,0.04829407443406807,0.666967710342199,0.0719331061386043
dia208_utt6.wav,neutral,neutral,True,0.04211532253722648,0.04015364053249004,0.04627328249823222,0.05788076294821337,0.6742858605102253,0.038445673664657516,0.10084545730895486
dia208_utt8.wav,surprise,surprise,True,0.0621669809623386,0.04970778607204787,0.08133077298763207,0.06401446089860839,0.06050032832829731,0.05777175830357166,0.624507912447504
dia20_utt1.wav,joy,neutral,False,0.15843038793660896,0.16301817973370664,0.08702111566690285,0.20680968325338805,0.15403826214954022,0.14377964199641902,0.08690272926343433
dia20_utt7.wav,neutral,neutral,True,0.0961665202298761,0.09791138325075403,0.12828487831863153,0.15354421225722478,0.26280480303376486,0.11354943688522873,0.1477387660245199
dia211_utt7.wav,neutral,neutral,True,0.09564280934481668,0.1341286283971114,0.08867713677309157,0.18399271381786012,0.21125942099010298,0.17884744207889317,0.1074518485981241
dia214_utt2.wav,neutral,neutral,True,0.11010128645248825,0.09891239269693168,0.0825757974515098,0.194220068248127,0.22245749000500886,0.19360127843261424,0.09813168671332026
dia214_utt3.wav,sadness,neutral,False,0.10482490661930517,0.13003037863343944,0.12098486651262069,0.14956710568448708,0.15769835556500095,0.25191925480470767,0.08497513218043902
dia214_utt4.wav,sadness,sadness,True,0.0699808409136666,0.05053805691960367,0.07069178688629929,0.08598979083222719,0.05537056231089238,0.5804782976229359,0.08695066451437482
dia216_utt3.wav,disgust,neutral,False,0.14516114365425542,0.2073192836859626,0.060741001731192575,0.16603358783745545,0.13906543086109027,0.1860009299558386,0.09567862227420515
dia227_utt2.wav,neutral,neutral,True,0.07890506062108826,0.06423892235138295,0.043411185357172644,0.104258136341238,0.5768770030901959,0.0766223903966597,0.05568730184226243
dia229_utt5.wav,joy,joy,True,0.12916046847049537,0.036347278355330755,0.04248167275653206,0.625529421714734,0.07033435541172768,0.0485954497824597,0.04755135350872104
dia229_utt6.wav,neutral,neutral,True,0.06904576256293034,0.020810361787803183,0.0499679084819361,0.09355462176314334,0.6122550113452683,0.044832758234024134,0.10953357582489458
dia229_utt8.wav,disgust,neutral,False,0.10882726022658686,0.20658705652704296,0.08742508598779156,0.13632180380318049,0.2041147258893182,0.16077117839608804,0.0959528891699919
dia230_utt0.wav,joy,neutral,False,0.15881545820236664,0.1225459061734277,0.061097892632926046,0.21587039974545286,0.1710813477877708,0.20548459391064383,0.06510440154741218
dia231_utt11.wav,disgust,disgust,True,0.016873186286066894,0.9082376720362041,0.007499128919860627,0.016025275534396224,0.017228117111821595,0.02038727319420027,0.013749346917450367
dia231_utt9.wav,fear,fear,True,0.1306315138030509,0.13437886834939472,0.37380323473557986,0.09202657755834111,0.04513781715435015,0.10352944019829835,0.12049254820098501
dia237_utt1.wav,neutral,neutral,True,0.21355653595553842,0.05694298354620022,0.09378423476828876,0.14474702777734041,0.24005213158937289,0.10929707341177423,0.14162001295148502
dia240_utt13.wav,neutral,neutral,True,0.12305704543274296,0.08744368308000999,0.03867457932202838,0.08178143923585568,0.544549576492696,0.07043636513765603,0.054057311299010896
dia240_utt15.wav,sadness,sadness,True,0.033799002577582234,0.019416013584117032,0.015713432835820898,0.04764267664508899,0.04893574622600377,0.7964951472311325,0.037997980900254594
dia240_utt4.wav,surprise,surprise,True,0.04519288160773074,0.016386904761904762,0.08994630176032933,0.12502670262014498,0.22099326801886454,0.04081582383030673,0.4616381174007188
dia240_utt7.wav,joy,joy,True,0.0630188979391305,0.07264459374269201,0.04703195620553384,0.652791252898904,0.06661340812942551,0.06412705997336103,0.03377283111095355
dia240_utt9.wav,joy,joy,True,0.0733344882089033,0.03274179505650277,0.038130452449898475,0.6382983720552101,0.12582245038849516,0.05230177939959994,0.03937066244139053
dia241_utt1.wav,joy,joy,True,0.13730444562237742,0.06829012942373952,0.05370581552416727,0.562237053425583,0.05635994279483755,0.05821315039044278,0.06388946281885287
dia241_utt2.wav,joy,joy,True,0.044277716408947565,0.03777817946754186,0.05979017788447256,0.6133732204155744,0.091826828719728,0.09677969949275536,0.05617417761098075
dia241_utt7.wav,surprise,surprise,True,0.12048587518092103,0.046394065768538655,0.062450494415180594,0.13611996065309723,0.10810811207782414,0.05990666091097021,0.46653483099346815
dia241_utt9.wav,joy,joy,True,0.1275356690129734,0.07356610145098397,0.07823320258189607,0.42758439886385213,0.06361281620744422,0.13158125466620424,0.09788655721664609
dia246_utt10.wav,neutral,neutral,True,0.12910991664834706,0.08945192350086575,0.10955392637424284,0.1732146934345891,0.22752771612861367,0.14602137494611947,0.1251204489672221
dia246_utt11.wav,sadness,neutral,False,0.13443227749668998,0.18738376148020797,0.07659646001464007,0.17607546155490061,0.14355323739318257,0.21096474563591402,0.07099405642446487
dia250_utt5.wav,surprise,surprise,True,0.1120272697018581,0.04666159026684363,0.04883803957459328,0.07419161180385758,0.05403614012996531,0.03741719735445325,0.6268281511684286
dia252_utt14.wav,neutral,neutral,True,0.10569918259008636,0.05170620386150559,0.05348157972104163,0.10137566811631916,0.5471044524362284,0.07844920275214068,0.06218371052267774
dia252_utt15.wav,neutral,neutral,True,0.1382639562065371,0.025868835735651394,0.053643368382010205,0.08559248427348855,0.5577222967534725,0.07090015300791162,0.06800890564092843
dia252_utt16.wav,neutral,neutral,True,0.03466310905065188,0.030591322326798537,0.05311579147383853,0.08893940701585745,0.6854559646025958,0.04745485466764296,0.05977955086261456
dia252_utt18.wav,neutral,neutral,True,0.07752578762383161,0.013538220942925037,0.04598142605786399,0.10331069760191883,0.6627411282646282,0.02149652052550726,0.075406218983325
dia254_utt15.wav,anger,anger,True,0.2660070282551454,0.07397759690383057,0.12406217721432164,0.1402825004413434,0.15088033713651566,0.07626467789345874,0.1685256821553846
dia254_utt6.wav,anger,anger,True,0.6490047426102847,0.019151610674948763,0.060405558825157434,0.08474662054666549,0.09283743445979549,0.02744703968366395,0.06640699319948376
dia254_utt8.wav,sadness,neutral,False,0.12729140027177424,0.15599584218674276,0.0662711174406932,0.15305396826859766,0.19346470437183758,0.1993369901774858,0.10458597728286877
dia257_utt0.wav,sadness,neutral,False,0.08863091800166631,0.11027566854201637,0.1298943616614747,0.16520288016894472,0.14800629497157933,0.2520135322573536,0.105976344396965
dia257_utt2.wav,sadness,neutral,False,0.10877453898041972,0.1201112805618923,0.0944272800880452,0.156210814949932,0.17293763373119497,0.21670920730973178,0.13082924437878407
dia258_utt1.wav,neutral,neutral,True,0.11588332816792456,0.0710150320431307,0.11342134287890276,0.12681901456634473,0.3111350212975605,0.09976264967777458,0.16196361136836224
dia258_utt11.wav,joy,joy,True,0.04226472009638258,0.06762145210526392,0.09044912658555425,0.5318615181355522,0.06163111943574977,0.11872561739275209,0.08744644624874576
dia258_utt3.wav,neutral,neutral,True,0.08020178998011315,0.04388950931289009,0.08179384924721489,0.1580843915679401,0.2815889410122758,0.09575761032256333,0.2586839085570026
dia258_utt4.wav,sadness,neutral,False,0.1186833482589829,0.1552092139493905,0.0712866717219949,0.1974824761613942,0.17350431484958342,0.2006283941350684,0.08320558092358582
dia258_utt7.wav,joy,neutral,False,0.13954301997653093,0.13911552293711116,0.08404271611893971,0.2420333735482699,0.14983893231025705,0.16925477776090025,0.07617165734799108
dia260_utt3.wav,joy,joy,True,0.08757913370816275,0.02559393696662114,0.035065055920224596,0.6394502928423119,0.10869776950742112,0.03949647755233286,0.06411733350292616
dia260_utt5.wav,neutral,neutral,True,0.05899651810584958,0.06374633310295236,0.03562193210546489,0.08037990463059376,0.5920826088009788,0.104321276730075,0.06485142652408524
dia260_utt7.wav,neutral,neutral,True,0.11191831176291674,0.13727704381022246,0.09454388908317007,0.16797126046946537,0.2464519395645755,0.10738898363707394,0.13444857167257587
dia261_utt0.wav,surprise,surprise,True,0.07839494965072583,0.02103540256618651,0.025649384479286698,0.06032956706257764,0.07186411764022654,0.02222585326681445,0.720500725334182
dia261_utt6.wav,sadness,neutral,False,0.1499336170478699,0.1485437942073386,0.06253191371980477,0.14641763101154492,0.17437037254143198,0.1934138955995479,0.12478877587246187
dia261_utt8.wav,neutral,neutral,True,0.060876993990579706,0.06445260385096067,0.055320772961525794,0.11482990883048845,0.5432093717880926,0.07199003078601496,0.08932031779233775
dia263_utt1.wav,neutral,neutral,True,0.05805954381721712,0.06557843472568461,0.04712290358164288,0.0805767770076282,0.6138471332030786,0.07165791223243426,0.06315729543231419
dia263_utt6.wav,joy,joy,True,0.0964706697555651,0.03670945475904983,0.057848815174401366,0.6104996465848123,0.07719447226049868,0.051853345951550577,0.06942359551412276
dia264_utt0.wav,anger,anger,True,0.5898515771538594,0.0825607808483197,0.06029518274039015,0.07902160296778417,0.09028363219185082,0.049908080422815845,0.04807914367497978
dia264_utt2.wav,surprise,surprise,True,0.06416271265535894,0.02111565562678476,0.023622496492521933,0.045723986009243704,0.0557639055951273,0.027805894536497986,0.7618053490844653
dia267_utt10.wav,neutral,neutral,True,0.05215607176018039,0.05888455304230475,0.03525508170521419,0.07068213035590627,0.6681131520443224,0.04487152133430961,0.07003748975776224
dia267_utt3.wav,sadness,sadness,True,0.06057651558203391,0.03445830992110272,0.038248036289113115,0.04451709265184271,0.06234262576503956,0.7240600603166862,0.03579735947418199
dia267_utt5.wav,surprise,surprise,True,0.019116077027349708,0.016079563098609567,0.029148913683674445,0.045926817733968554,0.15092535051090972,0.02453472533168383,0.7142685526138038
dia267_utt8.wav,sadness,sadness,True,0.10705236584490097,0.12845405288621697,0.06958848247370542,0.09342897862088556,0.13138821976469983,0.3818012008252122,0.088286699584379
dia271_utt2.wav,joy,neutral,False,0.09185040393000266,0.12842507978497555,0.10471774724318333,0.211459229814974,0.20897004737426467,0.16292461713405335,0.09165287471854658
dia274_utt2.wav,anger,anger,True,0.5429520581188962,0.07726748103717514,0.05903666262930035,0.11076719209741008,0.08022902648021873,0.07163533079531112,0.058112248841688204
dia275_utt1.wav,neutral,neutral,True,0.12831957095749535,0.14835490944993432,0.0766828172049238,0.1385283321056173,0.1904269832619319,0.158397079471801,0.15929030754829637
dia28_utt16.wav,joy,neutral,False,0.08228501196937303,0.1438778365879422,0.11167112067458698,0.19375006089985486,0.16421901474364095,0.18004066636627913,0.12415628875832295
dia37_utt1.wav,neutral,neutral,True,0.057876349910781597,0.03746750200073052,0.08188995956802891,0.15892836036971394,0.31269359064496816,0.10948086823486845,0.24166336927090856
dia38_utt1.wav,joy,joy,True,0.05352113412501756,0.050589071344708574,0.04399324444578262,0.6075320477363365,0.1074358586370911,0.05575544708981824,0.08117319662124563
dia38_utt3.wav,joy,joy,True,0.062422654504847436,0.05656209418650776,0.04037375177365834,0.6301940531321196,0.08950938934066968,0.0669211030943948,0.054016953967803136
dia43_utt1.wav,neutral,neutral,True,0.0516390336042055,0.03531917700755956,0.04737288211256518,0.07497885005274531,0.5848646311211055,0.11019391592923464,0.09563151017258413
dia47_utt0.wav,sadness,sadness,True,0.02222991108300908,0.019918319346356638,0.03599376433222262,0.06824371222376438,0.07397470851243362,0.7037985344682987,0.07584105003391463
dia47_utt10.wav,sadness,neutral,False,0.12191037919229736,0.14593836831106502,0.06671812940719861,0.18287937363560297,0.15193816331415558,0.2152886412897809,0.1153269448498998
dia47_utt6.wav,sadness,sadness,True,0.046986902397267855,0.02098972973149181,0.03768485016566556,0.028155184456879714,0.09905449666733979,0.7301914282854141,0.036937408295941075
dia49_utt2.wav,neutral,neutral,True,0.084065046340556,0.09909072531133695,0.09848241098915979,0.14732808239517445,0.28993714870404097,0.12696128763911885,0.15413529862061304
dia49_utt6.wav,neutral,neutral,True,0.1106496076654185,0.03650106478916626,0.07479134925244059,0.09808866084502516,0.5544579053736788,0.07760247717805242,0.047908934896218086
dia4_utt5.wav,fear,fear,True,0.008548859527575777,0.0,0.8913601805343296,0.02432495089632985,0.03587801059851079,0.012791248606465997,0.027096749836787986
dia4_utt8.wav,joy,neutral,False,0.11202280103906193,0.10379473183473806,0.08379435543475944,0.1954007662268528,0.19189571898795105,0.1704587687974661,0.14263285767917075
dia51_utt2.wav,neutral,neutral,True,0.05678714840184622,0.08527157677779322,0.04822475510289638,0.0453529868404627,0.629001630664987,0.06276843930370847,0.07259346290830587
dia52_utt7.wav,surprise,surprise,True,0.06532496577012932,0.04365022088929627,0.05797439805605048,0.0865726738599837,0.048782528665150905,0.04292990790136402,0.6547653048580254
dia52_utt9.wav,neutral,neutral,True,0.07179525135542701,0.018955356989373798,0.03226684783658623,0.07706398618707284,0.6540008610407284,0.042651280010611484,0.10326641658020011
dia5_utt8.wav,neutral,neutral,True,0.09470868599572661,0.06996080923882693,0.09615426597673288,0.1805787774003528,0.322526404545582,0.08313666269923688,0.1529343941435419
dia64_utt10.wav,disgust,neutral,False,0.09576683603689487,0.21034818244405315,0.06374668768620492,0.18511907454123533,0.14348831235368487,0.20894807566703938,0.09258283127088753
dia64_utt11.wav,sadness,neutral,False,0.157920459179702,0.14814682432891282,0.08165843183897102,0.14499759460750933,0.11340203186499911,0.24643710810063216,0.10743755007927373
dia64_utt12.wav,sadness,sadness,True,0.05962955089588796,0.03354015544652862,0.05400982615402929,0.08008986053505787,0.0860804377163098,0.6266472982479585,0.06000287100422778
dia64_utt14.wav,surprise,surprise,True,0.09931348237391086,0.06382254266220481,0.07124694923824036,0.062331749872316156,0.03959897999584983,0.07544111722510331,0.5882451786323744
dia64_utt16.wav,neutral,neutral,True,0.09639888438746987,0.06480475465313408,0.07630263023469185,0.06100833626326381,0.5779225836719288,0.06434980934698298,0.05921300144252847
dia65_utt10.wav,surprise,surprise,True,0.12919385823835047,0.046408393412744726,0.05877257848216025,0.0611178529358625,0.07178734865211492,0.05695852297775035,0.5757614453010167
dia65_utt3.wav,disgust,disgust,True,0.02945553796528309,0.8732960957434106,0.01737122703841799,0.014675445627123751,0.030494013374981043,0.01925,0.015457680250783696
dia68_utt1.wav,anger,anger,True,0.6869789827125022,0.0642089343278153,0.040248839368616535,0.04168385836269858,0.06001609935237155,0.07408484977673624,0.03277843609925934
dia68_utt10.wav,neutral,neutral,True,0.06341046909817685,0.03412696263413992,0.0619805552702495,0.06790262920178962,0.6323081168148686,0.050296378735496416,0.08997488824527872
dia68_utt12.wav,joy,joy,True,0.05386465096152225,0.043974856342835496,0.0804403638142266,0.5845762153978616,0.06387420216716141,0.06991598099745099,0.10335373031894218
dia68_utt14.wav,neutral,neutral,True,0.07614930643695167,0.06817901858973036,0.03373049745989035,0.08420974922796554,0.6175824952273339,0.0536863268877652,0.06646260617036268
dia68_utt2.wav,neutral,neutral,True,0.04904269101168754,0.059702165706912655,0.03279059856667297,0.08594897347283469,0.6130550855486482,0.08778289385605058,0.07167759183719333
dia68_utt4.wav,neutral,neutral,True,0.0858626536327479,0.07260834541119675,0.03549347341670514,0.07865465464781833,0.6088348386262273,0.05261170240881279,0.06593433185649157
dia68_utt6.wav,joy,neutral,False,0.17165136122660749,0.12023220745988521,0.09315720948552902,0.18036374441750427,0.17738863055463852,0.13823018368774898,0.11897666316808658
dia68_utt8.wav,neutral,neutral,True,0.08933377869224567,0.07941884881289528,0.03777018025078369,0.08027040038497385,0.5675480032347159,0.07595485503505309,0.06970393358933226
dia6_utt0.wav,neutral,neutral,True,0.06097599359550908,0.06577022337913474,0.11059700983958982,0.1348437030068531,0.2848091309875228,0.10458860956040253,0.238415329630988
dia70_utt0.wav,surprise,neutral,False,0.1103211962265204,0.06095016818680242,0.12650705719184324,0.13606958363520183,0.2119664775584879,0.07497259459331998,0.27921292260782427
dia70_utt10.wav,disgust,disgust,True,0.12747266220460035,0.3903138361429206,0.08461705617181202,0.0529013981228454,0.06571063017301144,0.16886677797847796,0.11011763920633211
dia70_utt11.wav,anger,anger,True,0.6979312989216738,0.03127027158457647,0.0211159703374505,0.09217292678451408,0.06983206170994521,0.03395775261324042,0.05371971804859951
dia70_utt14.wav,anger,anger,True,0.7621776196282661,0.016559746708103524,0.043185744804301276,0.05823935189160346,0.03751426846072234,0.03497454092640602,0.04734872758059687
dia70_utt15.wav,sadness,sadness,True,0.10415787070183498,0.1005588540135731,0.08976145491050566,0.13868964637679906,0.07564578200547102,0.42066898656333684,0.07051740542847941
dia70_utt16.wav,sadness,sadness,True,0.04127468550493887,0.0274980407523511,0.023378711973044187,0.046166025443032964,0.0392238761014569,0.7949254611329758,0.027533199092199975
dia70_utt2.wav,neutral,neutral,True,0.14596904659329302,0.05414452907669312,0.06355705752447356,0.15791468638803205,0.25435740311441,0.09699359161625354,0.22706368568684468
dia70_utt4.wav,neutral,neutral,True,0.08131121720056039,0.06882802271006504,0.04496598417748162,0.1140087057952942,0.5031959800466214,0.10961790696909951,0.07807218310087777
dia70_utt8.wav,sadness,sadness,True,0.05220008084303391,0.0381674056578234,0.04724029056159812,0.07544954950041792,0.08047401909265828,0.6294890993297457,0.07697955501472238
dia71_utt0.wav,joy,joy,True,0.10599306236563882,0.030214871710294175,0.04028013503615134,0.6217614593816557,0.10691453934972917,0.03970333613493284,0.05513259602159836
dia71_utt11.wav,neutral,neutral,True,0.04319519646046228,0.028257787408607245,0.08781586075019301,0.0968759824037534,0.5990375223854827,0.038574827425725544,0.10624282316577577
dia71_utt13.wav,fear,fear,True,0.11191745724153364,0.0340350706943623,0.7224631424455936,0.04540999638234127,0.032110135213052005,0.02372600731845287,0.030338190704664113
dia71_utt2.wav,neutral,joy,False,0.16052543559018895,0.04603372485879374,0.0862514260970728,0.20585420107333957,0.2575033829144895,0.10306281229109576,0.14076901717501986
