FILENAME,PREDICT_LABEL,TRUE_LABEL,MATCHING,ANGER_POSSIBILITY,DISGUST_POSSIBILITY,FEAR_POSSIBILITY,JOY_POSSIBILITY,NEUTRAL_POSSIBILITY,SADNESS_POSSIBILITY,SURPRISE_POSSIBILITY
dia103_utt3.wav,surprise,surprise,True,0.0016246226579643447,0.00012634025008317597,0.0005973132945795257,0.0016683574703887222,0.0006816296526997804,0.00025061550455668987,0.9950511211697278
dia103_utt5.wav,surprise,surprise,True,0.0002778519907454683,0.00019346421034043205,0.0001157917949192719,0.0014719236414002846,0.0018739688816611618,0.0006771846281666409,0.9953898148527668
dia104_utt0.wav,joy,joy,True,0.03266987427648685,0.005834860354318163,0.007713902234931164,0.5867706863889655,0.2654500160442156,0.013040146684284614,0.0885205140167982
dia104_utt2.wav,neutral,neutral,True,0.0023525541779117753,0.00015951077486487435,0.00036928045741802066,0.002987570879210644,0.9891492238808778,0.0007441338633000069,0.004237725966416795
dia106_utt0.wav,anger,anger,True,0.9966173061296042,4.9542009319225914e-05,0.00024234843124379564,0.0005105740178861097,0.0016450100403856977,0.00014555249906457126,0.0007896668724965314
dia109_utt1.wav,joy,joy,True,0.0009897891217425375,8.011815759093754e-05,0.00046023639712474893,0.994893488408521,0.0010545849896241397,0.0001974877509550574,0.0023242951744417268
dia109_utt6.wav,neutral,neutral,True,0.042802983966997374,0.006169027219891514,0.011542583416835776,0.12930936798160314,0.6757979773030435,0.024669075541043046,0.1097089845705858
dia10_utt0.wav,anger,anger,True,0.9930385552137992,3.885158443496814e-05,0.0002839376648779738,0.002191601993571762,0.00265501525222366,0.0007212640436451801,0.0010707742474470269
dia10_utt1.wav,neutral,neutral,True,0.00022878794814671234,4.826265110382126e-05,0.0005168956668846269,0.002081648256437041,0.9944388870174212,0.00024369777958673042,0.00244182068041997
dia10_utt2.wav,neutral,neutral,True,0.001889469021786148,0.0005227369251930614,0.00024077144240448677,0.002753943098740487,0.9899570011223058,0.0012765709699608158,0.0033595074196092548
dia110_utt0.wav,surprise,surprise,True,0.0001955207325015328,0.00018808546319028276,0.0006450458966881982,0.0022689942550241666,0.001196298721382835,0.0004621503722070409,0.9950439045590059
dia111_utt12.wav,neutral,neutral,True,0.000904217382218447,0.00011110654247180613,0.0023386792626958223,0.0037431070755087822,0.9874851140326653,0.0027495199571601118,0.0026682557472797507
dia111_utt14.wav,neutral,neutral,True,0.030270576501628448,0.002039904938226379,0.040077866972696996,0.08490626317878575,0.6259968788433622,0.07371178006989258,0.14299672949540757
dia113_utt2.wav,joy,joy,True,0.000599801142353111,3.439609866130629e-05,0.0005080554928693162,0.9942954050978677,0.0020456010179926627,0.00024216241688788386,0.002274578733367841
dia113_utt7.wav,anger,anger,True,0.9973162540119883,2.367385209728351e-05,0.00015542046643309752,0.000971226417739639,0.0008725361136626412,0.0001373650473051809,0.0005235240907738521
dia114_utt1.wav,sadness,neutral,False,0.04547264261126182,0.17258982745073978,0.01488602584947273,0.10036845475759561,0.24815489851569503,0.38346993483827124,0.035058215976963875
dia114_utt5.wav,joy,joy,True,0.0008209300386531276,7.221360000951478e-05,0.00047108558306893417,0.9953954382063097,0.0011599042764591533,0.00041102472290659457,0.001669403572592911
dia116_utt1.wav,neutral,neutral,True,0.0015848062770171462,3.22923542778747e-05,0.0002468917917045134,0.0017841648695656668,0.9925499756070256,0.0006822461306689539,0.003119622969740199
dia116_utt5.wav,sadness,sadness,True,0.0010965871482085004,0.0007849713150945921,0.0011817385922937393,0.001030603337927756,0.0002153299746848923,0.9946900285188331,0.001000741112957398
dia121_utt1.wav,joy,joy,True,0.0013965665914187028,7.037982683648722e-05,0.0012237418214362187,0.9857233135850263,0.0059276361020264715,0.002416491486544614,0.003241870586711404
dia121_utt3.wav,sadness,neutral,False,0.11379050751640982,0.024778204432611695,0.09846127256961912,0.2076061857938727,0.2317788588137914,0.2891738107225759,0.03441116015111932
dia121_utt5.wav,joy,joy,True,0.00032533687021536924,5.8782153931998625e-05,0.00044304632688096733,0.9933821639606807,0.0035419018659543543,0.0007707306198612753,0.0014780382024755115
dia125_utt11.wav,joy,joy,True,0.0029461410872123443,9.609573527803887e-05,0.0003678283347862869,0.9915617552403866,0.0022630400698181938,0.0010741659578260285,0.0016909735746927022
dia125_utt12.wav,neutral,neutral,True,0.05159137670351638,0.023955688881843993,0.03582964539848897,0.0758042970622019,0.667017581215288,0.09706233920530415,0.048739071533356465
dia125_utt14.wav,surprise,surprise,True,0.0033223652172220688,0.00014748910650613857,0.0006268030055637122,0.008878066641528227,0.0034029889761073265,0.0007916755332555729,0.9828306115198169
dia125_utt17.wav,surprise,surprise,True,0.0006586262219840167,9.310966763637345e-05,0.000347267824499752,0.0020798363862338854,0.005196309678371431,0.00025446557917795733,0.9913703846420967
dia125_utt18.wav,anger,anger,True,0.9949955265774656,4.035326331838255e-05,0.0004106950400590386,0.0023128627746765227,0.001284157272694279,0.00020316318914112834,0.0007532418826449171
dia125_utt19.wav,anger,anger,True,0.9942242098367194,7.552874509706919e-06,0.0002917364950830125,0.0014151402937297266,0.003125634972431539,0.00025568318632553924,0.0006800423412009847
dia125_utt22.wav,surprise,surprise,True,0.015219977929160968,0.011370873356922218,0.007915217958166664,0.024866611077914696,0.018745870213903348,0.028668049837826025,0.893213399626106
dia125_utt4.wav,neutral,neutral,True,0.0008893282456886797,0.0007141044914077491,0.00015296202060384622,0.0014406880272438156,0.9955113025286123,0.00018392630045532653,0.0011076883859883044
dia125_utt7.wav,joy,surprise,False,0.03689257467200814,0.009469645775353237,0.12124065190822267,0.3270096377597384,0.2552377824761254,0.09734432081675595,0.15280538659179616
dia125_utt8.wav,joy,neutral,False,0.1031092136314034,0.009777467560255628,0.07722644891692454,0.3747927661442292,0.25570027236772674,0.0836133004726091,0.09578053090685125
dia125_utt9.wav,neutral,neutral,True,0.0222239923526781,0.0006955003919933884,0.007451759659266217,0.35602298465119286,0.5099073982073954,0.014000126503785525,0.0896982382336885
dia129_utt4.wav,sadness,neutral,False,0.037437033850356606,0.04350642093159666,0.015249093484907389,0.2314018258004481,0.2945514152706224,0.34983000435992706,0.028024206302141856
dia131_utt7.wav,neutral,neutral,True,0.00015924837051432735,2.592693712461135e-05,0.0006823559277544803,0.0015717345243145473,0.9956868833787929,0.00032745006592495356,0.0015464007955742593
dia132_utt13.wav,neutral,neutral,True,0.05733463976592592,0.06351689233360025,0.009937937025762867,0.13731893748951032,0.611951387667455,0.07948351984004838,0.0404566858776972
dia132_utt14.wav,neutral,neutral,True,0.002002124760069859,0.0005751017307024824,0.00031117880865270676,0.0025252643585949256,0.9931566270117741,0.0005201058787021876,0.0009095974515038435
dia132_utt18.wav,neutral,neutral,True,0.0014488158598736321,0.00039208127302733166,0.0003146636538870705,0.004467641538454376,0.989283887448702,0.0016577255990843141,0.0024351846269713216
dia132_utt6.wav,neutral,neutral,True,0.12467853924301947,0.07512829921145985,0.028304135618720153,0.15338256637819014,0.5054978725804699,0.05730320659610353,0.05570538037203696
dia132_utt8.wav,neutral,neutral,True,0.002986718071221388,0.0001794892677197326,0.0008903839896531281,0.003340781382651531,0.9879139538128517,0.0011530170229820211,0.0035356564529205126
dia137_utt10.wav,surprise,surprise,True,0.00048740468449379106,4.9643998398675676e-05,0.0001490731154952024,0.0018454774949843804,0.0012957035782817548,0.00013004568399109092,0.9960426514443551
dia137_utt12.wav,surprise,surprise,True,0.0012340333050439296,0.00019262899274240954,0.0007129864720446666,0.0010223891566547977,0.00024084066606077265,0.0010324604212478944,0.9955646609862054
dia137_utt13.wav,anger,anger,True,0.9963665915423621,5.7682511369549e-05,0.00023180777040332113,0.0011951758647624705,0.0007954364368536784,0.0007419404003613956,0.0006113654738874135
dia137_utt14.wav,anger,anger,True,0.9949148595498731,1.7526576142356193e-05,0.0002317325808099091,0.00047729579218478725,0.0013395270924678123,0.00022887131563149822,0.0027901870928904882
dia140_utt0.wav,anger,anger,True,0.9945764695321943,2.9465607149770154e-05,0.00044131639949215775,0.0010834456484742387,0.0027593619882577674,0.00021186861056787107,0.0008980722138640326
dia140_utt11.wav,anger,anger,True,0.9966365458969799,2.781228435607873e-05,0.00022102050070364038,0.0010358441897821331,0.001573815560415758,0.00019372018557315454,0.00031124138218919015
dia140_utt13.wav,sadness,sadness,True,0.00036053083874953675,0.00047296692082786986,0.0006799582074223151,0.0005145076424430808,0.00012087788333233252,0.9972907781369392,0.0005603803702857835
dia140_utt8.wav,sadness,sadness,True,0.0010559212210229409,0.00015243011918340054,0.000129696976565483,0.000866605431932725,0.000492924094005873,0.9957203428495721,0.0015820793077175334
dia140_utt9.wav,joy,joy,True,0.0016616618645707176,0.00023702148308189544,0.0004521013073941431,0.9878883078220664,0.005944945503074715,0.00033689995046532194,0.0034790620693469563
dia147_utt10.wav,joy,joy,True,0.0008077273925518643,0.0001762742400757173,0.00015380148093431843,0.9941484219783443,0.003674794598455444,0.0004253850325515486,0.000613595277086573
dia147_utt2.wav,sadness,sadness,True,0.0011365980324783852,4.130925876891966e-05,0.0002731596311416891,0.0013214972017530208,0.0005761891749519066,0.9955147281117758,0.001136518589130318
dia14_utt1.wav,joy,joy,True,0.002426254005786221,0.0002995330712517314,0.0005076779865977105,0.9900999111659309,0.0031623241220398494,0.000835520184780794,0.0026687794636128673
dia14_utt4.wav,neutral,neutral,True,0.0006058201295679012,6.425139900502641e-05,0.00019917312371453284,0.0012665992632463487,0.9951037403806262,0.00039578089700366274,0.0023646348068363378
dia14_utt5.wav,neutral,neutral,True,0.001038558853299526,0.00017300048742225865,0.0002523236989354207,0.002607975115126886,0.9915238256713946,0.0002036615590486752,0.004200654614772561
dia153_utt2.wav,neutral,neutral,True,0.00121050122718706,8.1526786021856e-05,0.00032079014626470407,0.004778093120356955,0.9914597384364486,0.0004943755578992828,0.0016549747258214787
dia153_utt3.wav,neutral,neutral,True,0.0014424307077286374,7.770293933680526e-05,0.0002871997991503129,0.0035090902073709454,0.9924970687904744,0.0008012863212185049,0.00138522123472035
dia153_utt4.wav,fear,fear,True,3.780942737420577e-05,9.475853266864843e-06,0.9984822186389223,0.00023299939278998528,0.0003267131149596888,0.00014582636621617161,0.0007649572064709057
dia153_utt7.wav,neutral,neutral,True,0.16891184082073765,0.12447826375353388,0.02220238525941067,0.190270046690585,0.2552863048735802,0.04835540257460848,0.19049575602754412
dia154_utt4.wav,neutral,neutral,True,0.0009292948928218258,7.647063961828983e-05,0.0006203558046662328,0.0025344633711225327,0.9897832346615542,0.000721294650591488,0.005334885979625434
dia157_utt0.wav,neutral,neutral,True,0.0006754397825249362,0.00019706642268431168,0.002068441800676211,0.002765630064163959,0.9918099670592965,0.000653265608661349,0.0018301892619927258
dia157_utt1.wav,neutral,neutral,True,0.09786552424302224,0.03008853303221749,0.01769142783785241,0.34934767923139864,0.43330671523130665,0.01726507754128471,0.054435042882917964
dia157_utt3.wav,joy,neutral,False,0.08062364678709744,0.0010180289729946365,0.003879094819059284,0.5657826973594787,0.281641708302878,0.014901214926249063,0.0521536088322428
dia157_utt7.wav,neutral,neutral,True,0.041597152163137634,0.007817095952035164,0.021526040365883934,0.2909478586479371,0.41092324161814026,0.03891489743547304,0.18827371381739275
dia15_utt5.wav,anger,anger,True,0.9949020114547725,0.00011843803260477665,0.00019110789664377375,0.0027320834783325456,0.001466424177879637,0.00021026614498552998,0.00037966881478137144
dia160_utt9.wav,anger,anger,True,0.9906026408212755,0.0005382820884319028,0.0010647960907140882,0.0028089847261324238,0.0022866782342485115,0.0006744868279300063,0.0020241312112677496
dia164_utt4.wav,neutral,neutral,True,0.09057162561669302,0.17100371039161927,0.035339901682677984,0.18810565577144828,0.3913035842378436,0.03358576883947041,0.0900897534602473
dia166_utt1.wav,anger,anger,True,0.9969382431058483,0.00022929497354562045,0.0006289093618964132,0.0006090681776686145,0.0003538202322879556,0.00029452504051367246,0.0009461391082395968
dia166_utt10.wav,neutral,neutral,True,0.004050141410957871,0.0009036342350049338,0.0022297428138675288,0.00900143805531182,0.9776121318219939,0.0034445886894711483,0.0027583229733930317
dia166_utt11.wav,neutral,neutral,True,0.0035837724305328358,0.00011012748395682963,0.0012102135276293039,0.0019148531657149066,0.9902440564341731,0.0004901850552033973,0.002446791902789558
dia166_utt12.wav,neutral,neutral,True,0.001026998736948971,7.183802669212746e-05,0.0009712482806168349,0.002579175502483287,0.9915154962891098,0.00019515300348494805,0.003640090160663985
dia166_utt13.wav,neutral,neutral,True,0.025347381089094696,0.28993003126442823,0.013612232395671263,0.06614821456401274,0.3942555255764289,0.03545540415544211,0.17525121095492216
dia166_utt3.wav,anger,anger,True,0.9947128789071624,0.0003800921953621834,0.0007595254173564607,0.0016923715331595367,0.0003056223450486451,0.0006044279985050192,0.001545081603405618
dia166_utt5.wav,sadness,sadness,True,0.0002631885114127776,7.837156663696823e-06,4.6013638580274205e-05,0.0007428622960824786,0.0006880845725298278,0.9979335413488808,0.0003184724758501796
dia166_utt9.wav,neutral,neutral,True,0.0665148800913298,0.008006179924941053,0.005542672098437648,0.14216840586811735,0.635637462763891,0.013872701909849032,0.12825769734343415
dia168_utt0.wav,joy,neutral,False,0.16005427589503526,0.17940474907675685,0.03126274520736642,0.2537851792533527,0.23555117572436018,0.11549217614851816,0.024449698694610313
dia168_utt11.wav,anger,anger,True,0.9912207276593111,0.00017329033305479516,0.00042031404980936906,0.003698410664807772,0.0021585912086261204,0.0006014283979077638,0.0017272376864833584
dia168_utt2.wav,joy,neutral,False,0.03970498410340878,0.013453354027721924,0.016651965101823003,0.7071636818682303,0.1389860736225784,0.056208340909217835,0.027831600367019763
dia169_utt14.wav,neutral,neutral,True,0.0023514040149379897,0.0003909117685845979,0.0003421501361456218,0.002157916258570325,0.9930905428006371,0.0007293473341570916,0.0009377276869673666
dia169_utt18.wav,disgust,disgust,True,0.00022393989002670773,0.9991573595253164,3.440704564742824e-05,0.0001694470855598195,0.0002953603919618239,1.4804917909174806e-05,0.00010468114357891954
dia169_utt20.wav,neutral,neutral,True,0.001380923656711711,3.14310944712346e-05,0.0003108720197476385,0.004020087329384134,0.990851638025163,0.0006943289278853668,0.002710718946637177
dia169_utt5.wav,surprise,surprise,True,0.0007738624704311127,3.004635842652395e-05,8.891462634181283e-05,0.0037008966214289417,0.001821763297289782,0.00042422699709958697,0.9931602896289823
dia169_utt8.wav,surprise,surprise,True,9.779120107020729e-05,1.3891401006694045e-05,0.00041788868111718093,0.0005310226661845666,0.0013141660524239726,0.00011392472054953414,0.9975113152776479
dia16_utt1.wav,joy,neutral,False,0.059603521380345546,0.009189994842312095,0.0686976742196757,0.37277926452832644,0.2465250608847799,0.18669819187173572,0.05650629227282472
dia16_utt2.wav,neutral,neutral,True,0.0027511105324808907,0.0006058605243905501,0.006884888965228111,0.03727152417682019,0.7330901376194705,0.015841096059838886,0.20355538212177104
dia170_utt0.wav,surprise,surprise,True,0.00026428039895186485,2.5232878372162984e-05,0.0006873247263792904,0.0014200628619770504,0.0027101691704925377,0.00035168835657735197,0.9945412416072499
dia176_utt0.wav,joy,neutral,False,0.29917877527720704,0.008964256150807084,0.005036626209311228,0.3233919878669137,0.22726632113544767,0.04623264731626791,0.08992938604404523
dia179_utt1.wav,anger,anger,True,0.9979204451067959,4.931151875766116e-05,0.00041288732348658856,0.0005943592146730411,0.00014857862223033262,0.00021149101924464577,0.0006629271948118334
dia17_utt2.wav,neutral,neutral,True,0.01423490490942057,0.0029543833978521493,0.0715976426776933,0.2701480500887273,0.5643685156048067,0.031485022855829305,0.04521148046567073
dia181_utt0.wav,neutral,neutral,True,0.0004772755662173333,7.624874714600327e-05,0.00033742190591857043,0.002209248219009138,0.9931981927558682,0.0006836140126515527,0.0030179987931892452
dia183_utt1.wav,joy,neutral,False,0.05404320249829674,0.006980133736484255,0.01231686678397787,0.6249532511580478,0.20850192485354507,0.03501623171415981,0.05818838925548844
dia183_utt4.wav,neutral,neutral,True,0.0016688954894773834,0.00012711740439362774,0.00020472622558616793,0.0014984705674701757,0.9917383040276591,0.001742469182573145,0.0030200171028405887
dia183_utt5.wav,neutral,neutral,True,0.024752958206032117,0.03677317845706858,0.005405440335859615,0.0719271138406382,0.7716391979645502,0.04563810938277423,0.043864001813077085
dia183_utt6.wav,neutral,neutral,True,0.0021861859172990507,0.00018912658469501207,0.0005450084637927175,0.008176527427339588,0.9818397348561904,0.0014114456870195692,0.005651971063663677
dia183_utt8.wav,neutral,neutral,True,0.0002907680713569277,0.000249771313523041,0.0004976722013485856,0.0018271096584759978,0.9958126164617547,0.00037297298465620147,0.0009490893088846081
dia185_utt3.wav,joy,joy,True,0.0008655682000907495,4.3026751192027396e-05,0.0002671331997983978,0.9943158452003995,0.0018445699375868186,0.000300293947785965,0.0023635627631466024
dia185_utt7.wav,neutral,neutral,True,0.001532313638012958,0.00022052273063694744,0.00042334765044807065,0.002883748435745493,0.9933546712830791,0.0004654124370063864,0.001119983825071041
dia186_utt3.wav,sadness,sadness,True,0.13769442061603626,0.08511483748778226,0.07684359458799903,0.0915707752392993,0.02151180466713657,0.3197282084510715,0.26753635895067507
dia188_utt0.wav,neutral,neutral,True,0.023678531432987537,0.006144080452239931,0.01383765343557502,0.15517664306306314,0.5056167570807633,0.07326044928843257,0.22228588524693857
dia188_utt8.wav,joy,joy,True,0.028593448439429764,0.0031457334019294723,0.013225504980236641,0.7575464659374536,0.12332235930601869,0.027247218166283615,0.04691926976864817
dia189_utt0.wav,joy,joy,True,0.0010807159479901804,0.00019574569466013688,0.0007404250528299122,0.9858337295385539,0.007019544632433282,0.0015128732707663359,0.0036169658627666643
dia189_utt4.wav,neutral,neutral,True,0.0017382416949652155,0.00029869945301443503,0.00033580821006182015,0.0034582958497508527,0.9914791592745029,0.0012934221380227482,0.0013963733796817069
dia189_utt5.wav,neutral,neutral,True,0.002032712234005209,0.0004835826876827148,0.0010065878875140661,0.0024885036564037525,0.9896590034822554,0.0016509461811085205,0.002678663871030219
dia189_utt7.wav,surprise,surprise,True,0.0024237388800460668,5.495528136075045e-05,0.00032232409362721376,0.0032861567601331185,0.002345760499121002,0.0003451685915735651,0.9912218958941382
dia198_utt2.wav,anger,anger,True,0.9935159845381443,0.0001228098388478182,0.00047537293415200223,0.002837811569853969,0.0006128424977350758,0.00038317433600221337,0.0020520042852647576
dia198_utt6.wav,joy,joy,True,0.0049687778929522345,9.60899501491861e-05,0.0007801533608134381,0.9920447152292909,0.0010445021228211017,0.00055601987586927,0.0005097415681037849
dia198_utt7.wav,joy,joy,True,0.00316897419358612,9.724801667647967e-05,0.0017393543871326374,0.9917380884937005,0.0006333244813511187,0.0003852915397251589,0.0022377188878279996
dia198_utt8.wav,anger,anger,True,0.9960473983191159,4.94427265411952e-05,0.00013827240813733824,0.0009698646628736873,0.0017021059716126718,0.00019299324846397116,0.0008999226632551788
dia1_utt0.wav,joy,neutral,False,0.040238618879182196,0.010840211524494195,0.042100873335235704,0.5931958449003458,0.15881735759289123,0.1214300513074273,0.03337704246042344
dia1_utt4.wav,joy,joy,True,0.0006576392347077704,0.0002546226881114414,0.00035380434259472916,0.986760099838221,0.008472751329669556,0.00036727515743428666,0.003133807409261374
dia201_utt0.wav,neutral,neutral,True,0.21535152349695466,0.057998074875387835,0.02352473553769533,0.10189411023357633,0.4315945707967839,0.09723595150094301,0.07240103355865894
dia201_utt10.wav,surprise,surprise,True,0.0023683389542292843,3.62328823259723e-05,0.0004174363550805149,0.002715292888774441,0.0016825261139824725,0.0005966336804809246,0.9921835391251264
dia201_utt2.wav,joy,joy,True,0.0006660103577539903,9.729535239859792e-05,0.00027600062730932134,0.9944332574782616,0.002283845451055668,0.0009476282055828595,0.001295962527638021
dia201_utt3.wav,neutral,neutral,True,0.0010933579909558424,4.853831167981678e-05,0.00027109965732195876,0.0022224443790580203,0.9929562078896937,0.0009775641465203328,0.0024307876247703195
dia201_utt6.wav,joy,neutral,False,0.27579787432095393,0.006761573370029035,0.03600376601247214,0.3615983173562653,0.16745483874529005,0.09336133727811309,0.05902229291687646
dia201_utt8.wav,anger,anger,True,0.9894696544063746,0.00019738471661924224,0.0016959168225971907,0.002654909367322297,0.002016190594196594,0.0012149160121766667,0.002751028080713518
dia202_utt0.wav,neutral,neutral,True,0.0013568312043649219,0.0003108600890186038,0.001065400400396327,0.006084234345773116,0.9868379976902855,0.0010797328699574706,0.0032649434002039656
dia202_utt2.wav,joy,joy,True,0.0015500713161564646,0.00020380843051217272,0.0004013037901178609,0.993273144848627,0.0028835075872982383,0.0005065585489855598,0.001181605478302558
dia205_utt1.wav,anger,anger,True,0.9949313084188462,7.082750188722265e-05,0.00015218313700359197,0.003356590088900091,0.0007860322927499861,0.0002066533579837124,0.0004964052026292031
dia206_utt0.wav,joy,joy,True,0.0071429953014771844,0.00017143061225042793,0.0006594286563632859,0.987766129764082,0.002439104465791895,0.0006592125753711282,0.0011616986246639474
dia208_utt1.wav,neutral,neutral,True,0.0013403653657567416,8.87450128076616e-05,0.000940560647471361,0.0040659928201963805,0.9916261592842897,0.0008756433425744713,0.0010625335269037284
dia208_utt10.wav,neutral,neutral,True,0.0011332765313900428,0.00015138751180951012,0.00047170933715439165,0.0028877799093945267,0.9917693120219134,0.00190199374655731,0.0016845409417808566
dia208_utt2.wav,neutral,neutral,True,0.003691882455915376,0.0001255301247107424,0.0008656130191980227,0.005873121143096765,0.9844647491033706,0.0017412278790408444,0.0032378762746678963
dia208_utt4.wav,sadness,sadness,True,9.58714833972877e-05,2.363843692447695e-05,0.00011575344551131526,0.0006078711295015247,6.0183936796842386e-05,0.9979748697820154,0.0011218117858530774
dia208_utt6.wav,neutral,neutral,True,0.00026786037874412463,2.1199932190570257e-05,8.473255659673589e-05,0.0018491484588604222,0.9955929177985695,0.00011623190994581488,0.0020679089650928674
dia208_utt8.wav,surprise,surprise,True,0.0012728302498926345,0.00041633604321047606,0.0008517716919898038,0.0036537748279278606,0.0015146505851444077,0.0006236529095008361,0.9916669836923341
dia20_utt1.wav,joy,neutral,False,0.12812900125643265,0.051853482449471786,0.029280946733948085,0.3964636301384279,0.2077852885922234,0.11789897637376302,0.06858867445573312
dia20_utt7.wav,neutral,neutral,True,0.050924296062705286,0.006406449344704202,0.08644558778768101,0.11643385060479053,0.6219333308451827,0.02925153089206286,0.0886049544628735
dia211_utt7.wav,neutral,neutral,True,0.018142241976569325,0.022215904666173233,0.014961557412922932,0.3438940998771536,0.44684760772032306,0.1291346355012588,0.024803952845599157
dia214_utt2.wav,neutral,neutral,True,0.034646641481948064,0.002773104961097812,0.011139355152975629,0.2291299006997812,0.420632668433346,0.26136732566348725,0.04031100360736409
dia214_utt3.wav,sadness,neutral,False,0.09797551665046654,0.01099970828210745,0.04144744297933306,0.24467845263709626,0.13010704022963593,0.4311429589502752,0.043648880271085634
dia214_utt4.wav,sadness,sadness,True,0.0006324891050809925,0.00016054399831757585,0.0008615298806245635,0.0033161290825806464,0.0007183498338694462,0.9928862863732694,0.001424671726257228
dia216_utt3.wav,joy,neutral,False,0.12254232474425066,0.0692379735571706,0.025946976306988574,0.4757259566234191,0.12906204801819202,0.08339986083823714,0.09408485991174205
dia227_utt2.wav,neutral,neutral,True,0.003200117395998434,0.0002960812230505323,0.0006288794405579473,0.006576967354584208,0.9848881472381497,0.0017904374118441887,0.0026193699358151136
dia229_utt5.wav,joy,joy,True,0.004232343892240541,0.00013474686739388517,0.0013088753622742951,0.9885537290585196,0.0036728363988884865,0.00047642325563250634,0.0016210451650507255
dia229_utt6.wav,neutral,neutral,True,0.0008858823089312931,5.210970725062485e-05,0.00010911722487419827,0.0019844554084987925,0.994612089573032,0.0001994184383595699,0.0021569273390533343
dia229_utt8.wav,neutral,neutral,True,0.037535296050620996,0.21379452609825564,0.027031382815605798,0.08466001938375611,0.5489378514045222,0.027165608531257563,0.06087531571598164
dia230_utt0.wav,neutral,neutral,True,0.05723928991143654,0.0014039192762174968,0.0048481217346581715,0.14447356930456198,0.7520803598920194,0.03268142989470156,0.007273309986404932
dia231_utt11.wav,disgust,disgust,True,4.233203095332988e-05,0.9993131627213755,2.254141408875687e-05,0.0002607873332059677,0.0002627512891266136,5.18038719884002e-05,4.662133926157935e-05
dia231_utt9.wav,fear,fear,True,0.03692237198266089,0.01163778529108746,0.8674009076939436,0.022194410564834323,0.004627703380531444,0.020618268012644898,0.03659855307429768
dia237_utt1.wav,neutral,neutral,True,0.09392731073122608,0.0044806833563310455,0.015838433424203133,0.03557452340059119,0.7837271264425786,0.014423909252373555,0.05202801339269638
dia240_utt13.wav,neutral,neutral,True,0.010002455421458991,0.0009932920012070063,0.0005611621000104396,0.0065334078049483395,0.9801235308330942,0.000431696408077195,0.0013544554312037715
dia240_utt15.wav,sadness,sadness,True,0.0004085109292030266,2.0808785888072024e-05,5.3964318107118216e-05,0.0011412499331670666,0.0004941467213252387,0.9975225981636354,0.00035872114867406513
dia240_utt4.wav,surprise,surprise,True,0.006375483051361687,0.0004964871183691685,0.00441072953929585,0.03991265010450708,0.03750865538993607,0.0027540514073724114,0.9085419433891577
dia240_utt7.wav,joy,joy,True,0.0007425263567424482,0.00018396764135361073,0.0008618333805872222,0.9915889391032722,0.005149235257497935,0.0005930540714416821,0.0008804441891050717
dia240_utt9.wav,joy,joy,True,0.0015661210671037743,0.00011853775787264545,0.00025305085443586413,0.9919890848705087,0.004429229167146052,0.000918917212796907,0.0007250590701359253
dia241_utt1.wav,joy,joy,True,0.005304473382648624,0.0010723318416504199,0.001335131851050368,0.9857351293207859,0.0017588531641288382,0.0023411800879675894,0.002452900351768385
dia241_utt2.wav,joy,joy,True,0.001196639382857767,0.00010279459200299471,0.0005179623332181392,0.9874173025848746,0.005621631489202136,0.0017631372852418246,0.003380532332602676
dia241_utt7.wav,surprise,surprise,True,0.004602350297547455,0.0006750175177386224,0.0023705757240979316,0.008548954174636688,0.007909903131074075,0.0008861955974415345,0.9750070035574637
dia241_utt9.wav,joy,joy,True,0.004921708420595417,0.0004604863612642653,0.002545592514910596,0.9660062680013648,0.01481149234601167,0.0034114651485672334,0.00784298720728601
dia246_utt10.wav,neutral,neutral,True,0.06553432423593278,0.002440551234582187,0.0460057592568965,0.09580048458915466,0.5107119470614001,0.08901802459043506,0.19048890903159862
dia246_utt11.wav,joy,neutral,False,0.11650707309277532,0.04179499359088675,0.0436909637312268,0.37562541176227027,0.16114424944141179,0.19528854450021688,0.0659487638812123
dia250_utt5.wav,surprise,surprise,True,0.0020841097769260684,9.498583389854624e-05,0.000320099391405902,0.0020543474811926185,0.0004796562411751099,0.000474308409773818,0.9944924928656279
dia252_utt14.wav,neutral,neutral,True,0.005183848437564532,0.00014465805826908211,0.0008120296929525576,0.002677388413477406,0.9868433589118967,0.0013338600077254907,0.003004856478114313
dia252_utt15.wav,neutral,neutral,True,0.002739311551954811,5.341687006908996e-05,0.00027010348312595526,0.0038342237002428644,0.9901504887108924,0.0011861873893146255,0.0017662682944004444
dia252_utt16.wav,neutral,neutral,True,0.000707205666423245,7.233434588837915e-05,0.0002398649630830406,0.003626511617398033,0.9932206461981634,0.000527190870580728,0.0016062463384630104
dia252_utt18.wav,neutral,neutral,True,0.00027997188078675474,1.8044900149146728e-05,0.00023186920198330213,0.0032047525364193863,0.9947325112313646,0.0004910921630016077,0.0010417580862951178
dia254_utt15.wav,anger,anger,True,0.8748631467958854,0.0003581607918512125,0.01256255782625186,0.032752036874920176,0.013620867807812116,0.005947164886592171,0.05989606501668675
dia254_utt6.wav,anger,anger,True,0.9951308913551508,2.2641827900318036e-05,0.00019206057772776328,0.0010116831447359584,0.0018589594620442365,0.00012229210121197923,0.0016614715312289008
dia254_utt8.wav,joy,neutral,False,0.04659413667571487,0.020659817929216222,0.008629899899809534,0.637456338017824,0.1330054376804849,0.09868578182793672,0.054968587969013785
dia257_utt0.wav,neutral,neutral,True,0.020662119087166454,0.0021768447344345096,0.04919005798156743,0.14214824291504433,0.616229721512033,0.0850613281631302,0.08453168560662398
dia257_utt2.wav,neutral,neutral,True,0.052261480774478106,0.021279532008087756,0.036505976337845254,0.19098574749235034,0.40738734215018013,0.17441712681707813,0.11716279441998029
dia258_utt1.wav,neutral,neutral,True,0.013010250507198232,0.002087636933350986,0.01182953947269366,0.08925353391051973,0.8201907890946947,0.007314292487276275,0.05631395759426647
dia258_utt11.wav,joy,joy,True,0.0016488076501531045,0.0007277318181529538,0.0018943164872956906,0.9883494270796738,0.0014096268978296335,0.0029704002857497518,0.002999689781145035
dia258_utt3.wav,neutral,neutral,True,0.059853183385693606,0.004158987450454872,0.021910048261431295,0.07562255043981073,0.565080653932747,0.011995683837735305,0.2613788926921273
dia258_utt4.wav,joy,neutral,False,0.0833717844332324,0.0037276865513381926,0.01423486478537014,0.384495528305324,0.33796501914572835,0.13850544982680063,0.037699666952206265
dia258_utt7.wav,joy,neutral,False,0.20781232823576987,0.01045757427376485,0.012589956537455302,0.4200807876004147,0.2585403385946174,0.041533591802884975,0.048985422955092874
dia260_utt3.wav,joy,joy,True,0.0014776344130429076,4.3464649716043305e-05,0.0004682959048085179,0.9852189105291094,0.009673821692333807,0.001645544160258472,0.0014723286507308453
dia260_utt5.wav,neutral,neutral,True,0.002156236051410324,0.0007268275821404195,0.00046580838609686635,0.006858739526137583,0.9849729305228929,0.0032696586695029443,0.0015497992618189362
dia260_utt7.wav,neutral,neutral,True,0.08242873355891894,0.012516658803258574,0.033794758928778125,0.23727836817239664,0.4812116047989957,0.03161754512829253,0.12115233060935929
dia261_utt0.wav,surprise,surprise,True,0.0014617018226268173,1.933031990044345e-05,0.00013997875426750793,0.0015008759275279553,0.0007261581307909214,5.728407584491597e-05,0.9960946709690414
dia261_utt6.wav,neutral,neutral,True,0.06102884578558331,0.012837832900708017,0.006370231783969011,0.06653178781555781,0.5837987923093805,0.21417557888616684,0.05525693051863454
dia261_utt8.wav,neutral,neutral,True,0.002237199482939579,0.00022134691697931494,0.00039029159598217374,0.0016428826601582432,0.9933164747506602,0.0008031927524569411,0.0013886118408235864
dia263_utt1.wav,neutral,neutral,True,0.000656302779789416,0.00011670220760293524,0.0003865553565840236,0.0039046465768192056,0.9925690414453812,0.0015131787961502711,0.0008535728376730425
dia263_utt6.wav,joy,joy,True,0.005258481318498747,0.00019999747166662044,0.0008850592273908393,0.9850773431282853,0.0031436781764856057,0.0010441233099501173,0.004391317367722811
dia264_utt0.wav,anger,anger,True,0.9878270918999885,0.0003816897968306269,0.0006385641031539809,0.002771889794687452,0.005137437524995018,0.0006965568110443182,0.0025467700693000877
dia264_utt2.wav,surprise,surprise,True,0.0016461923434705446,2.6389295039019824e-05,0.00012403468717850878,0.0015300208914309319,0.0004979727222485347,7.304849493276411e-05,0.9961023415656995
dia267_utt10.wav,neutral,neutral,True,0.0007451271364374498,0.0002511833266333246,0.00023370983297338994,0.004298611483117663,0.9927889356952668,0.0008640255809381031,0.0008184069446331603
dia267_utt3.wav,sadness,sadness,True,0.0008897385902072775,7.920151729205728e-05,0.00018192777238953048,0.0009984154748560333,0.0005864656960077145,0.996452041831419,0.0008122091178282647
dia267_utt5.wav,surprise,surprise,True,0.0002028098831533995,1.2379069412446143e-05,0.00012119840468214495,0.000849894127827179,0.005269431725465375,0.00020400952679791142,0.9933402772626616
dia267_utt8.wav,sadness,sadness,True,0.02270023069011755,0.0032165344228772728,0.0018402050879951343,0.02675852040496469,0.09450832385612054,0.8369372635212816,0.014038922016643208
dia271_utt2.wav,neutral,neutral,True,0.028885367985859518,0.007701072652657608,0.038209261761794,0.2883988104895897,0.43258393785507804,0.17919533377936553,0.02502621547565542
dia274_utt2.wav,anger,anger,True,0.9903187435315849,0.00020878477020004174,0.00040378835813593674,0.00489798306883828,0.0012862824113138312,0.00046024627919241293,0.002424171580734832
dia275_utt1.wav,joy,neutral,False,0.15058812982356454,0.007305764575736995,0.010294115515627403,0.3084961339783644,0.21871414311633464,0.10060250757428107,0.20399920541609087
dia28_utt16.wav,joy,neutral,False,0.050139084719971576,0.044112712566696924,0.026517573002570474,0.29664560114031474,0.26118110328112815,0.08937538641655686,0.2320285388727612
dia37_utt1.wav,neutral,neutral,True,0.0026805303744538234,0.0007160491513325038,0.003964712213139278,0.030927910050447677,0.6236289822576492,0.009744725828302684,0.328337090124675
dia38_utt1.wav,joy,joy,True,0.0008329728368284933,0.0002507041075677924,0.00029356005509383824,0.9900104696168243,0.0058585358440757535,0.0003361449899983026,0.002417612549611799
dia38_utt3.wav,joy,joy,True,0.001090046986797354,0.0003213432666172464,0.0006291736807470941,0.9888515293826493,0.006430930158745095,0.001241364629197829,0.0014356118952458558
dia43_utt1.wav,neutral,neutral,True,0.0009514364397120563,8.578460406939942e-05,0.0006117477226687712,0.0037334177274362095,0.9908815941626091,0.0010149947803888572,0.0027210245631156486
dia47_utt0.wav,sadness,sadness,True,7.33605836186887e-05,1.7777532255143825e-05,0.00012118390157350393,0.0006919850379724125,0.0009468006361951714,0.9977359211394207,0.00041297116896428103
dia47_utt10.wav,joy,neutral,False,0.15441759254268064,0.002538243496756471,0.0088958304138821,0.6560540489823121,0.07220726245458482,0.05977484371472228,0.046112178395061466
dia47_utt6.wav,sadness,sadness,True,0.00021293208824743745,1.1717614125794323e-05,0.00013327013428766002,0.0003324255362137961,0.0013078910514486655,0.9976904095006707,0.00031135407500610594
dia49_utt2.wav,neutral,neutral,True,0.007067487620500501,0.008098804537525728,0.0066318857728730855,0.02790755557583326,0.8824069774365569,0.00456034696262826,0.06332694209408238
dia49_utt6.wav,neutral,neutral,True,0.002614612024675319,0.00013815197718684317,0.0006856247785471723,0.007000093781561187,0.9850423636639188,0.0014488463024775297,0.0030703074716331457
dia4_utt5.wav,fear,fear,True,2.407579164410205e-05,2.6816845583086556e-06,0.9994050882803498,0.00013534914151665603,0.0001428403339198092,2.3524744737543475e-05,0.00026644002327370024
dia4_utt8.wav,neutral,neutral,True,0.05218184653628386,0.00844135274379804,0.018498906523569125,0.2431974548861557,0.4811361036397799,0.10024105206892793,0.09630328360148559
dia51_utt2.wav,neutral,neutral,True,0.001398690398156813,0.0005018547544512162,0.0004704687328284703,0.003116084461727004,0.9915783219214956,0.000781610256678681,0.002152969474662095
dia52_utt7.wav,surprise,surprise,True,0.0006611100961418381,0.000129448918840478,0.00034074397819377507,0.0023323852470715336,0.00045564769703392504,0.0008306947379653352,0.9952499693247531
dia52_utt9.wav,neutral,neutral,True,0.0010984865181655086,3.6185711541677914e-05,8.35896511411157e-05,0.0017288207230089373,0.9939493059568528,0.0003180014484679669,0.0027856099908220096
dia5_utt8.wav,neutral,neutral,True,0.015243835925666756,0.002750145796086671,0.02735402570055585,0.2694396836977821,0.601769135159179,0.007097515093339275,0.07634565862739037
dia64_utt10.wav,neutral,neutral,True,0.02959586076892781,0.06020871651571981,0.028276839529519086,0.308964526410378,0.47152774294737343,0.0684410624408581,0.032985251387223795
dia64_utt11.wav,joy,neutral,False,0.2555615318968721,0.00968458375731546,0.014231788926106118,0.2897840144554029,0.1295543602387788,0.12158898323128246,0.17959473749424212
dia64_utt12.wav,sadness,sadness,True,0.000595140222399101,4.697074729868728e-05,0.00023908085984200374,0.0009477393144507206,0.0004899382766741573,0.9975549737244174,0.0001261568549180442
dia64_utt14.wav,surprise,surprise,True,0.002931230629652325,7.467350624971387e-05,0.0006543590549404146,0.0026900889753209254,0.00037388273955101924,0.0015557251431713847,0.9917200399511142
dia64_utt16.wav,neutral,neutral,True,0.00244131878733583,0.0003108490504572058,0.0006537700930610914,0.004968915725078678,0.9882888212904368,0.0008912569195863896,0.0024450681340439217
dia65_utt10.wav,surprise,surprise,True,0.0029623169905329673,0.00033250508953348856,0.0009252939716781753,0.002755425977292838,0.0009889487224322647,0.0008330822739762132,0.9912024269745541
dia65_utt3.wav,disgust,disgust,True,9.431871377863621e-05,0.9997839960947758,8.315604461121684e-06,4.959076285422291e-05,2.690685736790411e-05,1.1800219350630657e-05,2.5071747411727236e-05
dia68_utt1.wav,anger,anger,True,0.9969750059703134,0.00012272441378025705,0.0002843764011192904,0.0010369556669524152,0.0006748038294579021,0.0005125005272669837,0.0003936331911096599
dia68_utt10.wav,neutral,neutral,True,0.0006990596463804161,5.038613063524962e-05,0.0006826812909946846,0.0026914243867840184,0.9919571523475165,0.0007234280128838546,0.0031958681848051076
dia68_utt12.wav,joy,joy,True,0.003412187672798779,0.00014265961393814992,0.0009567464883472229,0.9862152194503074,0.0017548141415952645,0.001111134890040733,0.006407237742972347
dia68_utt14.wav,neutral,neutral,True,0.0021193634365445934,0.00021795931305578284,0.0002589723004727837,0.0036981034936512565,0.9902694112301457,0.0006649563720817701,0.0027712338540480134
dia68_utt2.wav,neutral,neutral,True,0.0025422325869264065,0.0002759581362869973,0.00015750813131901184,0.004206610835995662,0.9900639626653688,0.0008235750700332745,0.001930152574069949
dia68_utt4.wav,neutral,neutral,True,0.0006158254324059535,0.0005563542900884065,9.00916769143458e-05,0.0014847413744900906,0.9957383592716649,9.401120559665876e-05,0.0014206167488396808
dia68_utt6.wav,neutral,neutral,True,0.12151962273058946,0.0069195798414823425,0.024649050477613083,0.23382934456879384,0.36590592394720695,0.12248964857835275,0.12468682985596158
dia68_utt8.wav,neutral,neutral,True,0.002048313270966312,0.00023735924336053184,0.00025034312114449806,0.0038576179060612922,0.9903895075553494,0.0010983114737312101,0.0021185474293867815
dia6_utt0.wav,neutral,neutral,True,0.0028446537170802653,0.003033697251833863,0.005202625593705569,0.034526777130820294,0.8818411349967779,0.0034610856341620454,0.06909002567562002
dia70_utt0.wav,surprise,neutral,False,0.009123735956817685,0.000808619031209475,0.008911942448212688,0.059359969257174884,0.30947222596712387,0.0055715156030131585,0.6067519917364483
dia70_utt10.wav,disgust,disgust,True,0.20402514958788912,0.31706019500982024,0.0423566621809696,0.06546591341850365,0.045877185268150225,0.08479166734907106,0.24042322718559617
