FILENAME,PREDICT_LABEL,TRUE_LABEL,MATCHING,ANGER_POSSIBILITY,DISGUST_POSSIBILITY,FEAR_POSSIBILITY,JOY_POSSIBILITY,NEUTRAL_POSSIBILITY,SADNESS_POSSIBILITY,SURPRISE_POSSIBILITY
dia103_utt3.wav,surprise,surprise,True,0.001567094166127848,0.00010090701468765665,0.0007225702695660736,0.001833065567025335,0.0007121459989792013,0.0004577148661675918,0.9946065021174463
dia103_utt5.wav,surprise,surprise,True,0.00027967128619481074,0.00010528915760983331,0.000153436752123164,0.0020579260941651577,0.0050284558398247525,0.0008132971875384834,0.9915619236825438
dia104_utt0.wav,neutral,joy,False,0.07376532836862362,0.025489657418770295,0.02368034985126136,0.12410538131314451,0.4912800475001742,0.01643876626188696,0.24524046928613902
dia104_utt2.wav,neutral,neutral,True,0.003849177238895075,0.00046235100999882496,0.0005171764749979192,0.0074010649342613555,0.9805513731954103,0.0017792768839778616,0.005439580262458809
dia106_utt0.wav,anger,anger,True,0.9959067824292018,9.000590115491656e-06,6.302126960273417e-05,0.0006790361311732942,0.0027341315532104214,8.309782120751049e-05,0.0005249302054886536
dia109_utt1.wav,joy,joy,True,0.00138285686793274,6.624831654401682e-05,0.00037641189008662463,0.9935938504782267,0.0014852607111661622,0.0004191862153863079,0.0026761855206572957
dia109_utt6.wav,neutral,neutral,True,0.0010489866551830465,0.00019069258491183775,0.001157144633758879,0.008949541644915054,0.9839970457884485,0.00204054254522711,0.0026160461475557397
dia10_utt0.wav,anger,anger,True,0.992387918901565,2.3203929427838076e-05,0.00013331338114751945,0.002199733936704425,0.002592373222857674,0.0011493384479260547,0.0015141181803714331
dia10_utt1.wav,surprise,neutral,False,0.039863851116271345,0.0031838400258348072,0.02219380357619507,0.12991554771438302,0.23808851743174786,0.0104481606305251,0.5563062795050427
dia10_utt2.wav,neutral,neutral,True,0.0008460991469157478,0.0003307622307988624,0.0003257585739480339,0.0038966088979808353,0.9907712150040783,0.0009221946286411534,0.0029073615176370034
dia110_utt0.wav,surprise,surprise,True,0.00044361375451263855,9.974142265599198e-05,0.0008229487218825599,0.0030023688999904164,0.0008552205018224866,0.0006121759860180744,0.9941639307131178
dia111_utt12.wav,sadness,neutral,False,0.013266627938150347,0.003197434087085633,0.03231038570844596,0.17697800032851838,0.3118528096344851,0.41768787009041947,0.0447068722128951
dia111_utt14.wav,neutral,neutral,True,0.04309230813733673,0.004923537709392878,0.04802483064378147,0.13239066097103258,0.5179112949674665,0.03183825870726049,0.22181910886372938
dia113_utt2.wav,joy,joy,True,0.0013652048843370928,2.6619505378292804e-05,0.0005384535936905167,0.98842835816001,0.004521465274724117,0.0003511896688448715,0.004768708913014957
dia113_utt7.wav,anger,anger,True,0.9964766017526677,1.034696678061496e-05,4.155752044285847e-05,0.00163337705337483,0.0010831434876529132,0.00011013539534648926,0.0006448378237344499
dia114_utt1.wav,neutral,neutral,True,0.011172569958959221,0.2339459641543986,0.002914900068006011,0.0655218185451353,0.4955219987265401,0.1450025614056791,0.04592018714128169
dia114_utt5.wav,joy,joy,True,0.0021320382879625403,5.5247226330334155e-05,0.0011350091248367345,0.9917274951269686,0.0010199623086458991,0.000728432815137587,0.0032018151101185508
dia116_utt1.wav,surprise,neutral,False,0.24765900005623898,0.0016718459236407268,0.0058483489074689565,0.18738464181989536,0.2641573186389578,0.026432284009341854,0.2668465606444564
dia116_utt5.wav,sadness,sadness,True,0.015170464021964761,0.04150934248232213,0.06635607748405531,0.030911325604225662,0.007865322398652237,0.7597119083782305,0.07847555963054935
dia121_utt1.wav,joy,joy,True,0.0006587156587892101,7.029446881150718e-05,0.0011343077238783518,0.9851155639668453,0.008750878211724204,0.0024121536471376766,0.0018580863228139176
dia121_utt3.wav,neutral,neutral,True,0.0010786814287916649,0.00015164965457113862,0.0005237002243718221,0.008108478002083473,0.9870109714908781,0.0010390634555476532,0.0020874557437560778
dia121_utt5.wav,joy,joy,True,0.000462263795702303,2.8805644942457525e-05,0.0003227271784520186,0.9919800880150489,0.0018303272683662082,0.0018546555342634197,0.003521132563224885
dia125_utt11.wav,joy,joy,True,0.004259425487049015,0.00015030776729935542,0.0005417089795878525,0.9841918450744417,0.0060921377371058755,0.0015981551544240378,0.0031664198000923433
dia125_utt12.wav,sadness,neutral,False,0.018675569114581268,0.002888728384180761,0.009496420401888011,0.057407598548621055,0.41536818657185,0.4817604674083327,0.014403029570546151
dia125_utt14.wav,surprise,surprise,True,0.0023026778538507244,3.0185966474196947e-05,0.0003896135147670073,0.009056618558541946,0.002813775221412958,0.0005761767073304611,0.9848309521776226
dia125_utt17.wav,surprise,surprise,True,0.0008692702142947687,7.611998311623613e-05,0.00021863263109043023,0.003066923915088424,0.005842670856473682,0.0005440927274551956,0.9893822896724812
dia125_utt18.wav,anger,anger,True,0.995460164516662,1.928746553683085e-05,5.796864610910609e-05,0.001993047661830043,0.001207950902120361,0.0001382447041027988,0.001123336103638943
dia125_utt19.wav,anger,anger,True,0.9878410672153205,1.1172470888067794e-05,0.0008010627949592937,0.002432045508510497,0.006970316313065688,0.0003318876503377879,0.0016124480469181359
dia125_utt22.wav,surprise,surprise,True,0.025656017932197066,0.033798602968116334,0.005956821019315878,0.04808949704815945,0.02826021214875246,0.08758269301841373,0.7706561558650451
dia125_utt4.wav,neutral,neutral,True,0.012279968805031944,0.0018117491744144031,0.001187626851067933,0.008370364603192033,0.9549520202730659,0.001565562660602997,0.019832707632624673
dia125_utt7.wav,surprise,surprise,True,0.05153504845767984,0.0017972728334526705,0.06854280908501709,0.05593649057375048,0.07652987191224479,0.012512310417181089,0.733146196720674
dia125_utt8.wav,neutral,neutral,True,0.02143225216459254,0.04997193655122334,0.020458068801691518,0.38348213508945533,0.4151769531159857,0.06969669833769564,0.03978195593935587
dia125_utt9.wav,neutral,neutral,True,0.0022139003766377193,8.204891207578054e-05,0.0006359498584062778,0.012821673003165841,0.9783558472588475,0.0011147957980991404,0.004775784792767875
dia129_utt4.wav,neutral,neutral,True,0.020476996718869926,0.004081577965694154,0.007916957051700448,0.058845390073018235,0.7556447049291362,0.13077991370046557,0.022254459561115707
dia131_utt7.wav,surprise,neutral,False,0.001642411601572806,0.0006955837437001201,0.04456823697709459,0.11132887499141966,0.09225024088202302,0.007129115945578845,0.7423855358586109
dia132_utt13.wav,neutral,neutral,True,0.023912895284090536,0.020410188226045026,0.0029401545167034547,0.04179629701429189,0.794660012853674,0.06243574856980935,0.05384470353538581
dia132_utt14.wav,neutral,neutral,True,0.0017222603430079126,0.0005981293138120763,0.0003455482900719726,0.002085603062194503,0.992618365261425,0.0014017798797375798,0.0012283138497510494
dia132_utt18.wav,neutral,neutral,True,0.0007115769716547433,0.0003457037302637614,0.0007581403773085075,0.005338837052598815,0.9899180594842277,0.001473381544842597,0.001454300839103751
dia132_utt6.wav,neutral,neutral,True,0.0018539652197283123,0.00042909747603551453,0.0005509657773401283,0.0022803667509970235,0.9905539535627681,0.0010700419399713292,0.0032616092731595227
dia132_utt8.wav,surprise,neutral,False,0.1781868896814724,0.008825699874061734,0.015889785248169454,0.12377780691658158,0.11779045338979745,0.18950667203490792,0.3660226928550095
dia137_utt10.wav,surprise,surprise,True,0.0004055132059424632,1.660981425384217e-05,8.114153193920555e-05,0.0018627084874161708,0.0012493847108180087,0.00030347837382575663,0.9960811638758045
dia137_utt12.wav,surprise,surprise,True,0.0011091265689485651,0.0006045013406859702,0.0010200947104322229,0.0013555886511907014,0.0007489173814076771,0.0022277219225818523,0.9929340494247529
dia137_utt13.wav,anger,anger,True,0.9958760494123645,3.187109236290666e-05,0.00019586960296101062,0.0018674739078636026,0.001094526620410817,0.0005270896832104028,0.0004071196808267234
dia137_utt14.wav,anger,anger,True,0.997515848324773,4.448970791159986e-06,8.947970441854392e-05,0.0006134900518188609,0.0006752914056636963,8.621462008664467e-05,0.0010152269224481703
dia140_utt0.wav,anger,anger,True,0.9929751953496787,2.475640259714641e-05,0.00018874438775997034,0.0022334422640834725,0.0029747225890023096,0.00045589758664189937,0.0011472414202362486
dia140_utt11.wav,anger,anger,True,0.9955574082060928,1.8483571628221746e-05,0.00015015326036831882,0.0015260093287222036,0.002325016590958933,0.00014252992449717038,0.000280399117732425
dia140_utt13.wav,sadness,sadness,True,0.0005208490798739152,0.0008128761580275647,0.0008743542917519498,0.0009980192740804607,0.0003440333437627767,0.9953003525812788,0.0011495152712246335
dia140_utt8.wav,sadness,sadness,True,0.0005484774814516518,6.03100850059832e-05,0.00023170640831278423,0.0017375155490814028,0.0011337791747181773,0.9943280813839285,0.001960129917501471
dia140_utt9.wav,joy,joy,True,0.00024053524050764082,0.00017219336786482227,0.0001758708589624307,0.9867164295051231,0.009513879448591427,0.00034299751523656717,0.002838094063713973
dia147_utt10.wav,joy,joy,True,0.00021218281523762675,3.261732484042338e-05,0.00019451282938979725,0.9934651176434802,0.0055600629852534614,0.00015213165033144937,0.00038337475146696566
dia147_utt2.wav,sadness,sadness,True,0.0011042311245433919,6.023388651808883e-05,0.0004737818499974516,0.002002299374496012,0.0005724660700383055,0.9935336420056258,0.002253345688781072
dia14_utt1.wav,joy,joy,True,0.0016097439053914784,0.00017549647096569255,0.00037472581698595183,0.9875330291543502,0.007705619178075353,0.00038115178879100266,0.002220233685440328
dia14_utt4.wav,neutral,neutral,True,0.0432882483496115,0.0031823982553022263,0.01184190169334779,0.09485734692320369,0.6315730248983653,0.022451879061105764,0.1928052008190637
dia14_utt5.wav,neutral,neutral,True,0.01492919854772917,0.001839318344584036,0.0028748129656471564,0.22405105780286608,0.3806158033332451,0.0064994963451091275,0.3691903126608193
dia153_utt2.wav,neutral,neutral,True,0.02368783728088472,0.0013063084092061784,0.0034379755803236483,0.06255463530256211,0.8507613545522204,0.007408095196421624,0.05084379367838151
dia153_utt3.wav,neutral,neutral,True,0.048432232880692025,0.0017086613185336031,0.010924048938683699,0.14290443981024567,0.5894145102508074,0.1606003979603639,0.04601570884067375
dia153_utt4.wav,fear,fear,True,3.855825080418018e-05,9.16550461666226e-06,0.9989943294545601,0.00015666265506485757,0.00014774087939648748,0.0001475940311849895,0.0005059492243728328
dia153_utt7.wav,neutral,neutral,True,0.004938366640057562,0.0007395852454113164,0.0006084636140116938,0.005469984981327111,0.9830721303062498,0.0017939411842454907,0.003377528028696991
dia154_utt4.wav,neutral,neutral,True,0.03082972923012541,0.00323790015594741,0.08587199811877479,0.11120483124054588,0.5159670580763352,0.03148710054357823,0.22140138263469303
dia157_utt0.wav,neutral,neutral,True,0.0004917244919168656,9.683527297587388e-05,0.00395979395401208,0.003143946774951243,0.9903141020404511,0.0011614480279899212,0.0008321494377028913
dia157_utt1.wav,neutral,neutral,True,0.001967692586980146,0.0007681496797443221,0.0002829275617984479,0.004847772320882999,0.9904760210232136,0.0006402193802051891,0.0010172174471754284
dia157_utt3.wav,neutral,neutral,True,0.002845503384206349,2.8693104462178705e-05,0.00022473805348097588,0.0029861274247327835,0.9903670204405414,0.0003838650946359515,0.00316405249794034
dia157_utt7.wav,joy,neutral,False,0.044663581860306764,0.008852790801427993,0.030084880382915243,0.46034491108254444,0.19570882972716608,0.04619413289958414,0.2141508732460554
dia15_utt5.wav,anger,anger,True,0.9946059467505832,8.221427093187955e-05,3.785812464010682e-05,0.003185439147064166,0.0016746960631627685,0.00017294566236913237,0.00024089998124850623
dia160_utt9.wav,anger,anger,True,0.9914024068252675,8.531174737160191e-05,0.0005073845808257343,0.0029212321722234522,0.0031096819145931963,0.0009100252370328078,0.0010639575226857397
dia164_utt4.wav,neutral,neutral,True,0.050212460407405686,0.05628390189175227,0.026774517399689363,0.21744498662425535,0.5471991215432976,0.03655971728097713,0.06552529485262251
dia166_utt1.wav,anger,anger,True,0.9974438959139911,0.0001105320010053686,0.000261735304138175,0.0008382643788198115,0.0002511880174230095,0.0003345400780258482,0.0007598443065965451
dia166_utt10.wav,neutral,neutral,True,0.050802243846386055,0.025696618621389757,0.07151735722149925,0.2604189734420805,0.3361429946312034,0.22208405776562815,0.033337754471812864
dia166_utt11.wav,neutral,neutral,True,0.005554560517498719,0.00017970617361646443,0.0012317780988353145,0.0016604919792716883,0.9872312321094924,0.0012667570885940217,0.0028754740326913395
dia166_utt12.wav,neutral,neutral,True,0.014808247611714303,0.0006839705152619609,0.03747021049994988,0.06231633654023312,0.4637599065004003,0.004171769403957428,0.4167895589284831
dia166_utt13.wav,neutral,neutral,True,0.005877049868275606,0.10650175813042213,0.0022806032387868228,0.023770384054836006,0.7947470315392597,0.005392074249354589,0.061431098919065
dia166_utt3.wav,anger,anger,True,0.9938060876648326,0.00022303491009614742,0.000405202622822463,0.002488887421406947,0.0006316673267281719,0.0007026915284739984,0.0017424285256398347
dia166_utt5.wav,sadness,sadness,True,0.00025680755680865063,1.0890697404405395e-05,6.279173885353263e-05,0.0011016919088550246,0.0009046000995477162,0.9971841348004836,0.0004790831980469015
dia166_utt9.wav,neutral,neutral,True,0.11864050524798278,0.003553039899977511,0.007141071971115419,0.1485418521233102,0.6203567468049599,0.022270375275958165,0.07949640867669595
dia168_utt0.wav,neutral,neutral,True,0.032311185863852405,0.17923613683632353,0.008495044954224764,0.13967624352964728,0.5953744137951811,0.024916890973553978,0.019990084047216933
dia168_utt11.wav,anger,anger,True,0.9926461472173806,0.00017132949755994725,0.000346956145561776,0.002967718047386141,0.002745578984260111,0.00024033855922918245,0.0008819315486220651
dia168_utt2.wav,neutral,neutral,True,0.027771776617744232,0.003900041424057543,0.028450001727715248,0.33873450861678417,0.3871814425105147,0.20106081460561706,0.012901414497567015
dia169_utt14.wav,neutral,neutral,True,0.001077456636342886,0.0003130798874386887,0.00033953272531879615,0.0016621452325135484,0.995742310804972,0.0005108117752798261,0.00035466293813435124
dia169_utt18.wav,disgust,disgust,True,0.0003260905615689645,0.9989142199326558,9.291738837838805e-06,0.00021351623482386965,0.00041632325327562055,4.757428927290085e-05,7.298398956516962e-05
dia169_utt20.wav,neutral,neutral,True,0.0016180525736910513,3.096978242966558e-05,0.00048669588802365666,0.00713894627486186,0.9832492470297587,0.0013237923693714183,0.006152296081863776
dia169_utt5.wav,surprise,surprise,True,0.0006453637556953553,2.331692981437569e-05,6.911943808039931e-05,0.0032421668815122897,0.0017856908357877703,0.0009206120613461334,0.9933137300977636
dia169_utt8.wav,surprise,surprise,True,0.00012529642596796655,1.0004688717586006e-05,0.0006516168179273852,0.0009009539128796413,0.0016964898084355356,0.00026789885474639587,0.9963477394913255
dia16_utt1.wav,joy,neutral,False,0.017224989789758408,0.005239536942112979,0.02278085535841982,0.3415542801685937,0.33619936973369374,0.21448316479878077,0.06251780320864052
dia16_utt2.wav,neutral,neutral,True,0.002420904432949742,0.0009324331225861037,0.012689450548688872,0.08853296742751939,0.6511048047995481,0.0599216950775932,0.18439774459111466
dia170_utt0.wav,surprise,surprise,True,0.00013268808948062942,1.1618889295215017e-05,0.00043071354544751766,0.0009483415529356772,0.0023125030462675445,0.00012367563392764024,0.9960404592426458
dia176_utt0.wav,neutral,neutral,True,0.005208326909312273,0.0002831641050549919,0.000419919957505246,0.005909316159195977,0.9829688871866546,0.0031029984021563096,0.0021073872801204664
dia179_utt1.wav,anger,anger,True,0.9976991819026455,1.1565221367219021e-05,0.0004947705583100244,0.00046989999576068373,7.600871890073717e-05,7.89043387443437e-05,0.001169669264271519
dia17_utt2.wav,neutral,neutral,True,0.01808987451733489,0.0008522820644701113,0.0203323400505555,0.33000080592729597,0.5501573602746853,0.06752993595309735,0.013037401212560832
dia181_utt0.wav,neutral,neutral,True,0.0005715503359581736,0.00010797868225457849,0.00017193785856132196,0.003798194295124877,0.9911082753560282,0.001024407774079555,0.0032176556979935447
dia183_utt1.wav,neutral,neutral,True,0.0006364061955240522,7.206873940182861e-05,0.0004216401730235059,0.007386071007305492,0.9901685759258639,0.0007470112044730814,0.0005682267544080148
dia183_utt4.wav,neutral,neutral,True,0.0013172995475894851,0.00039869752566799974,0.00031251246232571144,0.002132986797286618,0.9877332786452725,0.003868652537928304,0.004236572483929476
dia183_utt5.wav,neutral,neutral,True,0.01733731722429005,0.03167640216217142,0.004771481757078448,0.06775747808614933,0.6712125388627971,0.026787542651434185,0.18045723925607948
dia183_utt6.wav,neutral,neutral,True,0.0023859297363386096,0.00018289361305308418,0.0009509330519942639,0.012441871641936745,0.9766090895296654,0.002719318110651447,0.0047099643163604835
dia183_utt8.wav,neutral,neutral,True,0.00019389742695431517,0.000497796175238835,0.0015004942684338854,0.0030179345142955704,0.9927248945514355,0.0010713057879318056,0.0009936772757099832
dia185_utt3.wav,joy,joy,True,0.0010560861503466222,5.237772358386619e-05,0.0002345480558165216,0.9932452747285937,0.0012638930555847001,0.0003499962855972761,0.003797824000477251
dia185_utt7.wav,neutral,neutral,True,0.004183556037073716,0.00023344693235107837,0.00027468804398805244,0.0031216912683527643,0.9894972944827709,0.0010730660684800638,0.0016162571669833124
dia186_utt3.wav,sadness,sadness,True,0.20136290561034367,0.016263517536076084,0.10704158845023937,0.20731868603918044,0.02234918982475413,0.23807368936080547,0.2075904231786008
dia188_utt0.wav,neutral,neutral,True,0.006108948142684691,0.010004010261204309,0.014231057401362313,0.21553037315972087,0.6431376906701022,0.05833125599687508,0.05265666436805041
dia188_utt8.wav,joy,joy,True,0.013824519488974278,0.0005135736888084679,0.006539970022864413,0.8300661457412917,0.12228221159978922,0.009399020103271129,0.01737455935500068
dia189_utt0.wav,joy,joy,True,0.0014684006611518819,0.00013033678079632554,0.001125051135752879,0.9731929198727534,0.017956731775032587,0.002194782511097364,0.003931777263415828
dia189_utt4.wav,neutral,neutral,True,0.0012557815187987209,0.0002382105822302569,0.00032977406330556415,0.0018529252085603902,0.992982932645025,0.0007296537643627098,0.002610722217717351
dia189_utt5.wav,neutral,neutral,True,0.04816543535631628,0.009414519855666808,0.0022432602056909976,0.015362263481586239,0.9077466907824465,0.007446769004247529,0.009621061314045675
dia189_utt7.wav,surprise,surprise,True,0.002182810974504672,5.9598744648274175e-05,0.0002378318634636108,0.0018203552608571393,0.004113246846705345,0.0003747923525161427,0.9912113639573048
dia198_utt2.wav,anger,anger,True,0.994558035375039,3.138351934785157e-05,0.0002159500295833172,0.0020379015843744424,0.0002838706534205881,0.00040086207900991584,0.0024719967592248845
dia198_utt6.wav,joy,joy,True,0.005468704533096648,5.4250388613285544e-05,0.0007200615819114333,0.9913796436928517,0.001384465763692525,0.00032243680871416936,0.0006704372311203852
dia198_utt7.wav,joy,joy,True,0.005257526317144017,0.0001471078410390037,0.0006549350701251129,0.9895050160990225,0.002156993295517536,0.0005319615699741027,0.001746459807177785
dia198_utt8.wav,anger,anger,True,0.9951957319995547,7.413323311747948e-05,0.0002089520503323148,0.0012687898754195014,0.002060022624952068,0.00030370235804021096,0.0008886678585837891
dia1_utt0.wav,sadness,neutral,False,0.0073333749443345924,0.0016826842916912235,0.011764617182952474,0.3781222755204407,0.19379170352471264,0.3913148799213137,0.01599046461455461
dia1_utt4.wav,joy,joy,True,0.001104555181746006,0.00046049743637504014,0.000635017917136892,0.9795419562369521,0.013999648817899361,0.0007076382205762441,0.0035506861893143072
dia201_utt0.wav,neutral,neutral,True,0.09507619381563816,0.006179797283842886,0.012288964733984862,0.14213457599179083,0.6767927202385841,0.03137598859066721,0.03615175934549205
dia201_utt10.wav,surprise,surprise,True,0.002594680309739015,1.1965432945144682e-05,0.00025160022162764873,0.002708465545022343,0.0003629492661574771,0.00028791448645867993,0.9937824247380498
dia201_utt2.wav,joy,joy,True,0.0008518292470372521,0.0001650584800485458,0.0005293152803359391,0.9915004051993263,0.004199944445300867,0.0015621988001657697,0.00119124854778552
dia201_utt3.wav,neutral,neutral,True,0.0009620764854657453,3.109887168298269e-05,0.00043511909831598565,0.0059299385502651625,0.9884158712371545,0.00213206911688993,0.002093826640225727
dia201_utt6.wav,neutral,neutral,True,0.26035291367171637,0.003399682811460678,0.03589181742523181,0.2421883135865657,0.29576534972954416,0.1021053853695285,0.06029653740595277
dia201_utt8.wav,anger,anger,True,0.9876879772691565,0.00015998274380121414,0.0008986253096517698,0.0028009592907160636,0.0012761724226450829,0.0016227748992303876,0.00555350806479925
dia202_utt0.wav,neutral,neutral,True,0.010000814881543297,0.0035151460137217627,0.01673249638161177,0.14900449160029328,0.44371422578033415,0.2987137805784901,0.0783190447640057
dia202_utt2.wav,joy,joy,True,0.0005933303522462032,7.249782472505793e-05,0.0002654154686012779,0.9917125699229605,0.0064329875593128845,0.0004476329264239947,0.0004755659457301023
dia205_utt1.wav,anger,anger,True,0.9956959487137391,5.130768567761581e-05,0.00011138726704050723,0.0020738806535027473,0.0013708478300584511,0.0005019058193527099,0.00019472203062899737
dia206_utt0.wav,joy,joy,True,0.007084864884217771,0.00014546805255283667,0.0005236443494657762,0.9871317859505184,0.0020511919974394023,0.0019475228110707931,0.0011155219547351277
dia208_utt1.wav,neutral,neutral,True,0.00033328873602079623,4.2026017357962826e-05,0.0005113751128178146,0.0037168869278420107,0.9938809885575103,0.00033293692725155645,0.0011824977211997644
dia208_utt10.wav,neutral,neutral,True,0.04660394679046599,0.0015924548504353082,0.01055039975872329,0.058367394269581784,0.774808945702906,0.06283630289227943,0.04524055573560806
dia208_utt2.wav,neutral,neutral,True,0.04413500824167744,0.0014479128665807488,0.006717436558687483,0.13864898019286212,0.6831625271680644,0.08002995087441385,0.04585818409771407
dia208_utt4.wav,sadness,sadness,True,0.0002071358832938762,5.488898471582401e-05,0.00023331560174295657,0.0007882102148159704,0.00011251606017962893,0.9975678817379563,0.0010360515172955222
dia208_utt6.wav,neutral,neutral,True,0.01873907821316802,0.00108165261186095,0.005419930070189309,0.16588026154515093,0.5307175082191996,0.0074003677937482144,0.27076120154668293
dia208_utt8.wav,surprise,surprise,True,0.0012125069384717993,0.00024543599637501094,0.001316499557006679,0.0033132700335256208,0.0012253179715708692,0.0012700390579153309,0.9914169304451348
dia20_utt1.wav,neutral,neutral,True,0.0010037840165811158,0.00011739249258676347,0.0004861701710267719,0.002800628022736532,0.9934654472323442,0.0012333468039250905,0.0008932312607993713
dia20_utt7.wav,neutral,neutral,True,0.001589712845976181,0.0006225556204668274,0.0014271086706675103,0.004343807817723162,0.9848701153668123,0.0038114030099990607,0.0033352966683548933
dia211_utt7.wav,neutral,neutral,True,0.00038250625475794744,0.0001652851169450288,0.00014757913685141549,0.006394306253678158,0.9909703140543709,0.0005780009137031721,0.0013620082696935703
dia214_utt2.wav,neutral,neutral,True,0.0374693667058653,0.0011576401360686545,0.010930689633677777,0.09260123014076045,0.6972560923306355,0.1397174489403285,0.020867532112663855
dia214_utt3.wav,sadness,neutral,False,0.043730764976452355,0.007292353856553891,0.042626520558532666,0.13390769064901034,0.36473256322329356,0.3665829520739347,0.041127154662222505
dia214_utt4.wav,sadness,sadness,True,0.0004070619950156161,0.00015627769409094024,0.0007683524232842073,0.0035002962020895746,0.0005822750398203611,0.9939768709829828,0.0006088656627164088
dia216_utt3.wav,neutral,neutral,True,0.0028143311728838208,0.0011016318060300763,0.0005866571276498442,0.009409952115938763,0.9809669234277114,0.00294576844274,0.0021747359070458105
dia227_utt2.wav,neutral,neutral,True,0.0890344318351072,0.025043750128624247,0.015616624822925229,0.1707589225927579,0.3920953065641351,0.2605989907873189,0.04685197326913141
dia229_utt5.wav,joy,joy,True,0.004395178804275365,0.00014138003311973962,0.0008021806042355003,0.9848679819224125,0.005060603666662816,0.0011545904070426412,0.0035780845622515735
dia229_utt6.wav,neutral,neutral,True,0.000739207228340384,1.3455433861702579e-05,0.00015523097658940105,0.004194113383576152,0.9924007837385402,0.00027219318230585677,0.0022250160567863215
dia229_utt8.wav,neutral,neutral,True,0.000774987429658257,0.0003041060358453286,0.0006591679820226342,0.005744071705687918,0.9900173024327854,0.0007998905973044658,0.0017004738166960332
dia230_utt0.wav,neutral,neutral,True,0.09599347469413809,0.002640820156733322,0.005863837244904902,0.2604400482156631,0.5848212354627828,0.011917003330222654,0.038323580895555265
dia231_utt11.wav,disgust,disgust,True,2.0410797328878268e-05,0.9992483092724699,1.3404960353887453e-05,0.00010020057392140253,0.0005259448075907267,5.241931013314335e-05,3.9310278202068426e-05
dia231_utt9.wav,fear,fear,True,0.1466807302690796,0.006405121653116556,0.7863948862598779,0.010387641775178074,0.00639434910155279,0.012052110384686097,0.03168516055650928
dia237_utt1.wav,neutral,neutral,True,0.003149458432127262,5.032026667616912e-05,0.0007449556592223423,0.0016676477309382415,0.9914838059370801,0.0008060031732472935,0.002097808800708546
dia240_utt13.wav,anger,neutral,False,0.41326357292150984,0.045403718248039716,0.006587637227195623,0.14918548880563137,0.3498841359249843,0.012646455339223522,0.023028991533415647
dia240_utt15.wav,sadness,sadness,True,0.014757306889728197,0.0003304367880076536,0.0007173561091058386,0.037614929815060816,0.018525696990760756,0.9198067267420125,0.008247546665324254
dia240_utt4.wav,surprise,surprise,True,0.002863335022494736,9.550535912829523e-05,0.0009905996704286163,0.027153741459123425,0.007150000351520063,0.001311142006077858,0.960435676131227
dia240_utt7.wav,joy,joy,True,0.0012586354721310059,0.0001628594936735561,0.0003836615806556828,0.9926260249814532,0.004802946926225848,0.0004327547336132217,0.0003331168122474583
dia240_utt9.wav,joy,joy,True,0.0026623895493228097,8.769819740860255e-05,0.00027961840099238343,0.9908255897004469,0.0043493214193022845,0.00042532961900392674,0.0013700531135232973
dia241_utt1.wav,joy,joy,True,0.008000622382850608,0.000583933706417199,0.0020362097887522777,0.9791358250454688,0.003487894246004105,0.002630023577845558,0.004125491252661528
dia241_utt2.wav,joy,joy,True,0.0013885231279434419,0.00014677845709616932,0.0002833254857913289,0.9836792211261935,0.008837639898364396,0.0025404362428791314,0.003124075661732034
dia241_utt7.wav,surprise,surprise,True,0.0036527835638735695,0.00021470983275952404,0.0007219793182818413,0.010379845396383236,0.009915014625142063,0.001302946031999277,0.9738127212315604
dia241_utt9.wav,joy,joy,True,0.0007716199568218622,2.924419553751198e-05,0.0002503890077224267,0.9939906409169473,0.002450272124511304,0.0007103598926442209,0.0017974739058152997
dia246_utt10.wav,sadness,neutral,False,0.03237255805698509,0.0025748640390118476,0.0255308390487224,0.0936766480478751,0.2653091045991866,0.42381080838144425,0.15672517782677475
dia246_utt11.wav,neutral,neutral,True,0.013648151756092065,0.0037475343177663335,0.0037313195211070484,0.07726898469360302,0.7741422662928313,0.10975545401807738,0.01770628940052289
dia250_utt5.wav,surprise,surprise,True,0.003503873832558671,0.00020286154198584957,0.0005183636662078016,0.0046992882379681515,0.0006114825567062053,0.001138541750102304,0.9893255884144709
dia252_utt14.wav,anger,neutral,False,0.33530578896760005,0.0006363893683928842,0.012824578918768608,0.06013955882241163,0.2532691127541516,0.2218231414845629,0.11600142968411238
dia252_utt15.wav,neutral,neutral,True,0.0029296926074839787,3.8052977960610626e-05,0.00024235566676573478,0.0030322737917900574,0.9916408115153136,0.0011691133860136295,0.0009477000546722231
dia252_utt16.wav,neutral,neutral,True,0.004263802411313125,0.00041995123892747254,0.004708842995655186,0.044498907814007574,0.9142933317075391,0.005003812143230565,0.026811351689326916
dia252_utt18.wav,neutral,neutral,True,0.001132538711616689,2.014736515809218e-05,0.00012458472226103585,0.004072202439769572,0.9931653248783544,0.00025631930959997036,0.0012288825732404672
dia254_utt15.wav,anger,anger,True,0.9958715536405947,9.25794716628485e-06,0.00022497615802077214,0.002377003129517353,0.00029809469736506126,0.00019045598661804114,0.0010286584407178617
dia254_utt6.wav,anger,anger,True,0.9928147851610235,2.6559289169114233e-05,0.00048727127731605776,0.002399373520103872,0.0027513323431482433,0.0003345605622712824,0.0011861178469678602
dia254_utt8.wav,neutral,neutral,True,0.0016554273275456357,7.162116346007733e-05,0.00014871018545677047,0.002499723716770929,0.9899129496253158,0.001167043421362582,0.004544524560088258
dia257_utt0.wav,joy,neutral,False,0.042649859377337965,0.011139156600714153,0.06852319397420895,0.2985848944552698,0.24017308726869055,0.24474426045517528,0.09418554786860325
dia257_utt2.wav,neutral,neutral,True,0.06629143423223748,0.003671982956796046,0.02963145300636888,0.08089996430199244,0.5375333417569955,0.21564566790538636,0.06632615584022337
dia258_utt1.wav,neutral,neutral,True,0.05773244210487203,0.002240475017480788,0.025089827779532847,0.10372024022791848,0.6812226697893469,0.02560073615470546,0.10439360892614362
dia258_utt11.wav,joy,joy,True,0.0017490656820936346,0.0005397742129805389,0.0016674189729577078,0.9848009816810769,0.0021995551956610535,0.005402047436737099,0.0036411568184931283
dia258_utt3.wav,neutral,neutral,True,0.00203500281375734,8.251442331441528e-05,0.00041801977149089493,0.002597353471294286,0.9873344656236887,0.0008465026245754456,0.006686141271878934
dia258_utt4.wav,neutral,neutral,True,0.15896060848562765,0.0009557887404487914,0.003657457593252916,0.07059627571487403,0.6636631448158585,0.07782035784214714,0.024346366807790794
dia258_utt7.wav,neutral,neutral,True,0.050264008530243126,0.002189866265507417,0.012876224808331256,0.3015129859800199,0.3863329903241125,0.14705025131169958,0.09977367278008618
dia260_utt3.wav,joy,joy,True,0.0008569346518405524,8.972700261700151e-05,0.0007885459093686292,0.981440068365999,0.013232951245603863,0.0005723131738164189,0.0030194596507546172
dia260_utt5.wav,neutral,neutral,True,0.003132509220291561,0.00013015648396022306,0.0003958296245250863,0.007287162751519734,0.9856136880608499,0.002006624450193167,0.00143402940866028
dia260_utt7.wav,neutral,neutral,True,0.03582074913683971,0.006960619692030441,0.02228690946794971,0.15808519656425532,0.698972982965846,0.01684320715692203,0.06103033501615698
dia261_utt0.wav,surprise,surprise,True,0.000979148176284693,2.447221569986e-05,0.0001030530692681024,0.0023005076155454525,0.0026553224992415126,4.4851607721426576e-05,0.993892644816239
dia261_utt6.wav,neutral,neutral,True,0.0010678774721006958,0.0002097288762966832,6.723961794610306e-05,0.002175144954140642,0.9930489584453049,0.002241645361060769,0.001189405273150053
dia261_utt8.wav,neutral,neutral,True,0.0013809348488185117,0.00017168038172065032,0.00025329602608875623,0.0014126648408741452,0.9931527422425313,0.0004917349878467817,0.003136946672119803
dia263_utt1.wav,neutral,neutral,True,0.00040564083767478145,0.00014024035002702798,0.0005209749510995664,0.005520715386625211,0.9911403549258012,0.0013066653083223672,0.000965408240449732
dia263_utt6.wav,joy,joy,True,0.0023822785073298,8.594718263649853e-05,0.001020620029352082,0.98934997687461,0.002727265220468523,0.0021599657953998027,0.0022739463902032944
dia264_utt0.wav,anger,anger,True,0.987286161148204,0.00012894273382345277,0.00019709576908487857,0.002113165031774997,0.008547791898729302,0.00026240920935989565,0.001464434209023581
dia264_utt2.wav,surprise,surprise,True,0.0011680902876973786,2.9082373042295896e-05,0.00010796541485756989,0.0018887431997480556,0.0024949529819744917,5.262850480380576e-05,0.9942585372378764
dia267_utt10.wav,neutral,neutral,True,0.005656522505874478,0.016007531570200986,0.0021033026528838495,0.23172993133951378,0.671352685661905,0.016116605750732094,0.05703342051888984
dia267_utt3.wav,sadness,sadness,True,0.0001845970968689582,9.269687708994114e-06,6.789199034910892e-05,0.0008391878280630396,0.0006199872157932649,0.9981088007312964,0.00017026544992026853
dia267_utt5.wav,surprise,surprise,True,0.0001442174410965992,8.559162273307251e-06,0.00020846721140888478,0.0007175897774246009,0.006283931753360632,0.00017665185202616037,0.9924605828024098
dia267_utt8.wav,sadness,sadness,True,0.00036865025402190853,4.835209012623497e-05,3.753651071528438e-05,0.0007924879630983053,0.0008877293349826299,0.9975622662088441,0.0003029776382113053
dia271_utt2.wav,joy,neutral,False,0.017103255383478254,0.0034954904174272082,0.026506307303891356,0.5332102312169179,0.37077333893595726,0.02755441242725834,0.021356964315069737
dia274_utt2.wav,anger,anger,True,0.9896232201148606,6.723912681986538e-05,0.00040080483139020597,0.0029566506114288038,0.00397421024228339,0.0019803504414144537,0.0009975246318025969
dia275_utt1.wav,neutral,neutral,True,0.12075118811086102,0.010795013931215312,0.018783761657564967,0.13471226990529228,0.41203559339559254,0.10686484685718067,0.19605732614229326
dia28_utt16.wav,surprise,neutral,False,0.011846805355018485,0.05720046747945331,0.009058088989301999,0.16529120643804895,0.22847480405922777,0.24781507666456204,0.2803135510143874
dia37_utt1.wav,neutral,neutral,True,0.0016746276885172557,0.0012027656163167682,0.00329950142027905,0.020307134294617942,0.6042011090348121,0.02807720046579701,0.34123766147965984
dia38_utt1.wav,joy,joy,True,0.0012599348870026088,0.00024095059283653678,0.00016081315142708682,0.9824601387914715,0.012989574747609202,0.0003464463755189985,0.0025421414541338372
dia38_utt3.wav,joy,joy,True,0.0007845317933607788,0.0002549062917156567,0.0004474562724035135,0.9826897073407137,0.01283868167579009,0.001637847625317275,0.0013468690006991219
dia43_utt1.wav,neutral,neutral,True,0.019153672365495374,0.0019941160122827198,0.02137555210661235,0.18436281754855238,0.5056371924838506,0.05541256486610582,0.2120640846171007
dia47_utt0.wav,sadness,sadness,True,7.580282388476367e-05,2.782841681700437e-05,8.093900344485942e-05,0.0005677742359941663,0.001093528919427356,0.997743909700807,0.0004102168996247374
dia47_utt10.wav,neutral,neutral,True,0.002702570764614913,4.590539662393288e-05,0.0002644943702756978,0.006579276592702629,0.9877630698365796,0.0011728294742299145,0.0014718535649732836
dia47_utt6.wav,sadness,sadness,True,0.00032227600502799254,1.5039303915413494e-05,0.00018022058961097553,0.0004971367944009125,0.0008632804593080596,0.9973371872310408,0.0007848596166960232
dia49_utt2.wav,neutral,neutral,True,0.02863203786683277,0.0029032064241291834,0.004442866692418948,0.03685672735504955,0.7862665981396276,0.006247696806559563,0.13465086671538226
dia49_utt6.wav,neutral,neutral,True,0.05672463800129426,0.002527808916848151,0.012837385501763977,0.18488461998789113,0.564606063254871,0.1285341834260634,0.049885300911268145
dia4_utt5.wav,fear,fear,True,2.9501005597224626e-05,1.2888946459422105e-06,0.9994326648995421,0.00021443950708194956,0.00011852511892849495,7.077135578393228e-05,0.00013280921842052503
dia4_utt8.wav,neutral,neutral,True,0.03657303686881546,0.011779172402474282,0.01270888561394334,0.09028093216090272,0.5744285487585643,0.1245978887853023,0.14963153540999774
dia51_utt2.wav,neutral,neutral,True,0.002390089418164309,0.0006544378825788728,0.0005100808607358439,0.0026028668007197025,0.9915334254103372,0.0006776311065688336,0.0016314685208952736
dia52_utt7.wav,surprise,surprise,True,0.00048804949252088877,6.008895057935005e-05,0.0004388347070905526,0.001806393434082502,0.0007930581278859466,0.00023106948010653873,0.9961825058077342
dia52_utt9.wav,neutral,neutral,True,0.0022932294866553947,1.2019040005358958e-05,3.878516765189556e-05,0.004088118801905952,0.991479807534269,0.00018033712859341186,0.0019077028409188958
dia5_utt8.wav,neutral,neutral,True,0.0037896024954149356,0.001326835829624948,0.04282488152967975,0.1928747306400683,0.6873220967743611,0.005775344207076811,0.06608650852377411
dia64_utt10.wav,neutral,neutral,True,0.014605265785503382,0.0628788235596826,0.007238744027297625,0.3825470949678208,0.45867606059314775,0.04516662348523161,0.02888738758131635
dia64_utt11.wav,anger,neutral,False,0.2680248177141297,0.011987669092923665,0.011305065166427148,0.24475681385539014,0.21548550870873978,0.1237496178192822,0.12469050764310737
dia64_utt12.wav,sadness,sadness,True,0.0005785671713326845,9.394877223114779e-05,0.00019131610192235323,0.0009460420938854361,0.00289609835666463,0.9950067831729325,0.0002872443310311833
dia64_utt14.wav,surprise,surprise,True,0.0023696306777055646,8.018100831636608e-05,0.0006467882066268685,0.004058264807442431,0.000623687583331586,0.0013429270833549664,0.9908785206332222
dia64_utt16.wav,neutral,neutral,True,0.0037470863186620626,0.00027171288582400005,0.0005540365780371187,0.0081972166669541,0.9843008537023307,0.0010801658305116153,0.00184892801768035
dia65_utt10.wav,surprise,surprise,True,0.004498050509151925,0.00016157799319015034,0.0003689845980924721,0.003009291769935876,0.0015475360662268486,0.00043557213731296494,0.9899789869260898
dia65_utt3.wav,disgust,disgust,True,3.286060470050158e-05,0.9996918916355902,1.6224612578491177e-05,0.00015579042532964474,5.4690917533072774e-05,2.3352910389138488e-05,2.518889387890791e-05
dia68_utt1.wav,anger,anger,True,0.9966256064953515,0.00010258428289341558,5.4619496361844835e-05,0.001565184549346483,0.001193623380204576,0.000232356110560478,0.0002260256852816274
dia68_utt10.wav,neutral,neutral,True,0.02818425600037489,0.0010006546902134263,0.027484449453842184,0.18270756200759372,0.5034125694456397,0.0511233035423514,0.2060872048599846
dia68_utt12.wav,joy,joy,True,0.0025888194976182934,0.00021767472102350883,0.0010609513398257644,0.9783135799735193,0.0038592243317294057,0.002617215575670809,0.011342534560613024
dia68_utt14.wav,neutral,neutral,True,0.003473312630385446,0.00048480932290533653,0.00020864113940836348,0.004847663636538037,0.9876902573050246,0.0006552088294969273,0.0026401071362412666
dia68_utt2.wav,neutral,neutral,True,0.03783525040272627,0.0119610410256345,0.005808658315404019,0.25005607132550384,0.5022783668089738,0.016412308938298554,0.17564830318345906
dia68_utt4.wav,neutral,neutral,True,0.0004493334533799316,0.00025860958297655367,7.850499991159832e-05,0.002140693354918912,0.994335106667966,0.0002678663748495545,0.002469885565997489
dia68_utt6.wav,neutral,neutral,True,0.0028093868872101184,0.00022857508074548271,0.0006516252023386555,0.007610394126807893,0.9812452723960288,0.0013217246109924429,0.006133021695876869
dia68_utt8.wav,neutral,neutral,True,0.00319169003379576,0.000176412839792213,0.00042614814239452933,0.002859157550525513,0.9909892779663131,0.0009891314638193558,0.001368182003359751
dia6_utt0.wav,neutral,neutral,True,0.005373449412601552,0.0011723043447057898,0.01979563407591912,0.09744918014587119,0.6073796803763544,0.008496049282549637,0.2603337023619983
dia70_utt0.wav,surprise,neutral,False,0.025840958203567944,0.0013009857545250043,0.029624053410273545,0.06391973636999555,0.11486212957144297,0.006870875465380524,0.7575812612248144
dia70_utt10.wav,disgust,disgust,True,0.32348601116048026,0.512910786576931,0.02599030250611488,0.039265604773723456,0.01157482468588301,0.026613235617102594,0.06015923467976484
