FILENAME,PREDICT_LABEL,TRUE_LABEL,MATCHING,ANGER_POSSIBILITY,DISGUST_POSSIBILITY,FEAR_POSSIBILITY,JOY_POSSIBILITY,NEUTRAL_POSSIBILITY,SADNESS_POSSIBILITY,SURPRISE_POSSIBILITY
dia103_utt3.wav,surprise,surprise,True,0.0005522962024432313,2.98819488872501e-05,0.00016784466113839764,0.000833714770756531,0.00012752200785764507,0.00019020699205810833,0.9980985334168588
dia103_utt5.wav,surprise,surprise,True,0.00034511409963988433,0.00011186577976795851,5.2849088820797846e-05,0.0009387596323911956,0.002074048636110521,0.0006180385523204937,0.9958593242109491
dia104_utt0.wav,neutral,joy,False,0.06322654370098775,0.007905548837790932,0.005814657436438956,0.08313955494864513,0.6484624676383124,0.017620352131031174,0.17383087530679375
dia104_utt2.wav,neutral,neutral,True,0.0005749590943424305,1.3225625243746374e-05,5.722538386791133e-05,0.0010765724312116697,0.9951081886169388,0.0007533607023338869,0.002416468146061493
dia106_utt0.wav,anger,anger,True,0.997923185957751,2.3982435015240073e-05,4.065656632364139e-05,0.0006384582078842799,0.0006423057839075113,3.723118912438219e-05,0.00069417985999376
dia109_utt1.wav,joy,joy,True,0.0011687601710359888,0.00010613367751892452,0.00037703358926315263,0.9945657219845442,0.0018451951505313723,0.00013705256427757305,0.001800102862828624
dia109_utt6.wav,neutral,neutral,True,0.0003080211393379478,0.00047497475200107835,0.0002043727149962169,0.0036239468176788815,0.9935459300844659,0.0008043149555579423,0.0010384395359620286
dia10_utt0.wav,anger,anger,True,0.9933722868961563,4.600551454418505e-05,0.00027251057562756835,0.0024056068988822107,0.0018204775198883945,0.0009033623690205643,0.0011797502258804465
dia10_utt1.wav,neutral,neutral,True,0.00028564216329522236,1.860375650654058e-05,4.932134597218637e-05,0.0006712237213257093,0.9973604615349825,0.00010922115703657544,0.0015055263208813405
dia10_utt2.wav,neutral,neutral,True,0.001755800242093753,9.333856908373323e-05,0.00011271876877940258,0.0014800664361308577,0.9933129526239189,0.0014958196570353226,0.0017493037029579698
dia110_utt0.wav,surprise,surprise,True,0.0005436227947365126,6.854047887392134e-05,0.00027246615423731743,0.0015187084118170008,0.00044933386740449323,0.0009288454149755299,0.9962184828779553
dia111_utt12.wav,surprise,neutral,False,0.030181668708724213,0.025306522961717662,0.04068038699536414,0.3647180240102814,0.09346268039935242,0.03548679358050397,0.4101639233440561
dia111_utt14.wav,neutral,neutral,True,0.00044512262760432116,3.47041360839866e-05,0.0007978127673484879,0.002554398297658832,0.9891638210367315,0.0014219773021650576,0.005582163832408034
dia113_utt2.wav,joy,joy,True,0.0001314782054763876,5.356332874836617e-05,0.0001994292179113338,0.9948624333844734,0.001914601705884221,0.00015520419803323853,0.0026832899594730073
dia113_utt7.wav,anger,anger,True,0.9987267168031493,1.293838783965879e-05,4.558640403958153e-05,0.0007348916033957956,0.00012840452247498072,0.00013917610346680828,0.00021228617563407416
dia114_utt1.wav,neutral,neutral,True,0.033146243377700405,0.021776279563531162,0.002843292164131679,0.03952274960108844,0.8296756317720714,0.05341283313778928,0.019622970383687748
dia114_utt5.wav,joy,joy,True,0.0001988338162957882,2.3516446102835454e-05,0.00024913939004114576,0.9979904293099507,0.0002386248845905067,0.0003501181876210527,0.0009493379653977115
dia116_utt1.wav,neutral,neutral,True,0.00021509104592954493,0.00010935125661625067,0.0001707501463054614,0.0009492874528708625,0.9967040451218706,0.0005970606502037904,0.001254414326203677
dia116_utt5.wav,sadness,sadness,True,0.07529314039715847,0.02370099999703421,0.01748796650414824,0.1199209987856649,0.05034784999622447,0.570879933909832,0.14236911040993752
dia121_utt1.wav,joy,joy,True,0.00043132706485582043,9.329420063183826e-05,0.00010540782188241061,0.9922149076028198,0.002170795024996493,0.0010568318941401205,0.003927436390673371
dia121_utt3.wav,neutral,neutral,True,0.0362889960398742,0.027259656558789043,0.08610430937647431,0.1994901252022189,0.45040138277352226,0.1247385008763461,0.07571702917277515
dia121_utt5.wav,joy,joy,True,0.0004071910131798255,3.819003857955135e-05,8.19763504041382e-05,0.9950190095085234,0.0027020000606102074,0.00073281935214006,0.001018813676562704
dia125_utt11.wav,joy,joy,True,0.0044052382320757056,5.3235347186686485e-05,0.0001376894971693677,0.9928285969844073,0.0012668144927192025,0.00057632660820131,0.0007320988382404573
dia125_utt12.wav,neutral,neutral,True,0.07708025851260707,0.004887815188968741,0.02966067877507568,0.024724362106186625,0.6932910939687918,0.014359314756886756,0.15599647669148325
dia125_utt14.wav,surprise,surprise,True,0.0035758660201278152,8.408395153162007e-05,0.0001363747162746993,0.006778491506210853,0.003788737868395836,0.0006360825578172605,0.9850003633796418
dia125_utt17.wav,surprise,surprise,True,0.00042618862129129687,0.000266808304799814,0.0001780160615806503,0.0017394311240492022,0.0021984280196981937,0.0007171696172962858,0.9944739582512845
dia125_utt18.wav,anger,anger,True,0.998977865591432,1.1193558704318711e-05,5.073142547181262e-05,0.0004433880300205974,0.0001605286992683463,0.00013956579302177902,0.000216726902080987
dia125_utt19.wav,anger,anger,True,0.9933233361995399,8.993065713484774e-06,0.00019787866801450205,0.001703670027916345,0.004057843771007167,0.0001598596916256759,0.0005484185761829898
dia125_utt22.wav,surprise,surprise,True,0.01087645566912375,0.018013211232838302,0.015093588315552211,0.09847268243237543,0.026191821526722166,0.2763071419389802,0.5550450988844079
dia125_utt4.wav,surprise,neutral,False,0.21655629286694622,0.15855718725527793,0.02630751884750241,0.06910642391183174,0.20557677492258397,0.010593294003582016,0.31330250819227573
dia125_utt7.wav,surprise,surprise,True,0.0730258982787077,0.0011394812449400185,0.0340714911612384,0.13253474044627214,0.223896832315268,0.09797208893211518,0.4373594676214586
dia125_utt8.wav,neutral,neutral,True,0.2500147863909066,0.007712647381003548,0.011568006480846897,0.2212401045267965,0.3533242565980023,0.12481216504371634,0.031328033578727967
dia125_utt9.wav,joy,neutral,False,0.012146352943483528,0.002904065994214439,0.03616128365622913,0.5817862941399127,0.2235385608911273,0.021385603859892233,0.12207783851514079
dia129_utt4.wav,sadness,neutral,False,0.1311535191425602,0.07570817243617482,0.011456986459310186,0.21450751471594415,0.25906538995532347,0.2711961145031273,0.03691230278755998
dia131_utt7.wav,neutral,neutral,True,0.0001247335994172387,1.915055222009001e-05,0.0001634003546250514,0.0007681760833661459,0.9971773470254006,7.090854607450502e-05,0.0016762838388965687
dia132_utt13.wav,neutral,neutral,True,0.03419691570388649,0.011561924813646804,0.0037719108337986827,0.10224668456893286,0.5228877461114213,0.3155960224006443,0.0097387955676695
dia132_utt14.wav,neutral,neutral,True,0.0010105132204667132,0.000429123606236001,7.215688562984895e-05,0.0022719207221061923,0.994744459632656,0.0003755224655947033,0.001096303467310327
dia132_utt18.wav,neutral,neutral,True,0.0007380442311089263,0.0004424451276286565,0.0003357841315837979,0.0015366750984666243,0.9945907293735009,0.0014226496643992912,0.0009336723733116678
dia132_utt6.wav,neutral,neutral,True,0.013323256880299589,0.0035170473288580087,0.0036770780561108333,0.10251397472148473,0.7656500338159571,0.06754843434641844,0.04377017485087121
dia132_utt8.wav,neutral,neutral,True,0.3078115698588616,0.004072292929179965,0.028072370827290277,0.1645946129993894,0.390941268781613,0.014020147365067653,0.09048773723859818
dia137_utt10.wav,surprise,surprise,True,0.0009961288900253815,2.086854333650261e-05,0.00027248816793171984,0.0020726471811475036,0.001080498749937529,0.0002530928689357671,0.9953042755986855
dia137_utt12.wav,surprise,surprise,True,0.000491255500098544,0.00039689164401414347,0.00023263849059090708,0.0009577336851578812,0.0007989494740992671,0.0005481138762073492,0.996574417329832
dia137_utt13.wav,anger,anger,True,0.9975369177920967,6.79247055241221e-05,0.00010935738360148524,0.000981823994476329,0.0005604270445008104,0.000508054363949,0.00023549471585153012
dia137_utt14.wav,anger,anger,True,0.9977390472149243,1.7721131613510074e-05,5.104465537209849e-05,0.0003204365305653523,0.0007564546483340613,0.00010095923432107115,0.0010143365848695482
dia140_utt0.wav,anger,anger,True,0.9958050969652016,1.6140184340489804e-05,0.00019505263450005712,0.001178948964203405,0.0008433775678944638,0.00017300358506286837,0.0017883800987972369
dia140_utt11.wav,anger,anger,True,0.9965487584219911,2.2018044960033216e-05,0.000149014372567845,0.0016807378964300602,0.00066611571709119,0.00046279878741651475,0.00047055675954335395
dia140_utt13.wav,sadness,sadness,True,0.000366273821240583,0.00014593081810428124,0.0002788523945659049,0.0006794528998938876,0.00028785376495295197,0.9975845676695001,0.0006570686317423014
dia140_utt8.wav,sadness,sadness,True,0.00019293902452420292,1.2008274433583256e-05,2.316892528193688e-05,0.0006998123842456264,0.0004262940731550477,0.997992607491887,0.0006531698264725044
dia140_utt9.wav,joy,joy,True,0.0006784697373882247,0.0001359876704831949,0.0002079350714374521,0.9928229172507671,0.002836501938338244,0.0008580693934809206,0.002460118938104827
dia147_utt10.wav,joy,joy,True,0.00027475086268322914,8.088790509358854e-05,0.00010902553647925358,0.9970594565287603,0.0017967312982874776,0.00013698637422257553,0.0005421614944734928
dia147_utt2.wav,sadness,sadness,True,0.0005354404780395633,6.581348916381098e-05,2.4992961699920684e-05,0.0008177675590085895,0.0003846644254847342,0.9969425166782235,0.0012288044083800095
dia14_utt1.wav,joy,joy,True,0.0022786763874116434,7.020719716798954e-05,0.000269334268611798,0.9951005891503609,0.0011585803178897854,0.00020350391352259303,0.0009191087650352441
dia14_utt4.wav,neutral,neutral,True,0.00016423835409323274,3.789377785243881e-05,5.515364712241923e-05,0.00022172018843430463,0.997093875575934,0.0001282494283056287,0.0022988690282580823
dia14_utt5.wav,neutral,neutral,True,0.0010761086825787608,0.00023064125554245792,1.576590583420416e-05,0.0012176432566622577,0.994533815036375,0.00024074719956593157,0.0026852786634414443
dia153_utt2.wav,neutral,neutral,True,0.0011002818716379947,6.943764083582932e-06,0.00011744337515105685,0.0013230513053608436,0.9969120112946951,0.0001839983687452602,0.00035627002032611503
dia153_utt3.wav,neutral,neutral,True,0.0009122532044957276,0.00010793185933531201,0.0001732604307034874,0.0019317481523598162,0.9926030362855747,0.0021613532407097433,0.0021104168268212013
dia153_utt4.wav,fear,fear,True,5.2050337548995e-05,4.807941724026601e-06,0.9992655621317567,0.0003665469949936741,4.049589854794398e-05,0.0001511499600705627,0.00011938673535842733
dia153_utt7.wav,neutral,neutral,True,0.0028713777144648116,9.341653887542359e-05,0.00011097345811738631,0.0016647010684847452,0.9935323055958676,0.0009080501245275041,0.000819175499662434
dia154_utt4.wav,neutral,neutral,True,0.07478684178428585,0.0041911050489417045,0.027821898895231727,0.1496824578573458,0.549984859542016,0.016831679797876545,0.1767011570743023
dia157_utt0.wav,neutral,neutral,True,0.023760284293937246,0.02215657949939436,0.08247876504909166,0.17419013049068227,0.5412098779083411,0.09389080442262712,0.0623135583359263
dia157_utt1.wav,neutral,neutral,True,0.0016002349654557514,3.874159117831363e-05,0.00012658177445058278,0.0018585245145325408,0.9944944861486769,0.0011265147521435262,0.0007549162535624151
dia157_utt3.wav,neutral,neutral,True,0.0012601601911150172,4.995075394111783e-05,0.00020128405686528565,0.002952048483857383,0.9929747448804151,0.0005990880218976081,0.0019627236119084336
dia157_utt7.wav,neutral,neutral,True,0.03528802753564705,0.022275353253921097,0.01854889458674823,0.32405072678033237,0.33834405514728144,0.08188823397868746,0.17960470871738238
dia15_utt5.wav,anger,anger,True,0.9980817534345727,0.00010373226857783636,1.0115205369163313e-05,0.0005442003627275994,0.0008840897932242874,0.0003184561729036335,5.7652762624930955e-05
dia160_utt9.wav,anger,anger,True,0.9971596972258928,2.061854446627826e-05,0.0001399083853292392,0.0010162426714030626,0.0006393557215680622,0.00032588505900261756,0.0006982923923380433
dia164_utt4.wav,neutral,neutral,True,0.0009915607922744772,0.0002517728845339559,0.00011629772758387225,0.002343076619002721,0.9945179346076944,0.0008945362268330185,0.0008848211420776698
dia166_utt1.wav,anger,anger,True,0.9966777930621767,0.00021769322136600677,0.00043343958604652986,0.0013180372298333938,0.0005214253737722295,0.0002457090929921121,0.0005859024338132206
dia166_utt10.wav,joy,neutral,False,0.18882425835518565,0.009821455643572145,0.013363912271320035,0.3768573076926578,0.261456906387302,0.10052086459807126,0.04915529505189107
dia166_utt11.wav,anger,neutral,False,0.5377366995572865,0.004215350334994658,0.03193832620558087,0.04285539878524872,0.28380990286849406,0.06027665332074351,0.03916766892765155
dia166_utt12.wav,neutral,neutral,True,0.019095480508995587,0.0011337787763156446,0.0024875114429501986,0.038812153519288385,0.9065367901607959,0.007158739352777292,0.024775546238876962
dia166_utt13.wav,neutral,neutral,True,0.013262866643341257,0.01066377441962794,0.002753504813407441,0.011359307616804773,0.9250127365029104,0.004689271012627678,0.03225853899128046
dia166_utt3.wav,anger,anger,True,0.9967121499166812,2.5294923023934993e-05,0.00019861073986842073,0.0013487944331707804,0.0006076712557197478,0.00025864909192300627,0.0008488296396130122
dia166_utt5.wav,sadness,sadness,True,0.00020777763612546396,7.4263210512963656e-06,6.841246974925911e-06,0.0005147424169042393,0.00025687565558520884,0.998708153246559,0.0002981834767999119
dia166_utt9.wav,neutral,neutral,True,0.0022174588671616475,1.0458677310229899e-05,9.638224211066889e-05,0.0018850375987375058,0.9945220718297394,0.00034540525038077993,0.0009231855345598308
dia168_utt0.wav,sadness,neutral,False,0.029144389919010822,0.04079496576361216,0.023710619906253647,0.07064586619132682,0.07765633263974635,0.7241830631016403,0.033864762478409895
dia168_utt11.wav,anger,anger,True,0.9932678446019413,0.00021194992386684193,0.0003824727987271067,0.0030511697114185333,0.001817330231703122,0.0004256712288096517,0.0008435615035336625
dia168_utt2.wav,joy,neutral,False,0.09066119199567653,0.005007747763838396,0.0025703895618241174,0.5931164728881196,0.27151271971252855,0.01619473055661544,0.02093674752139739
dia169_utt14.wav,neutral,neutral,True,0.0007663003382754316,8.815799802837457e-05,0.00014578784748751677,0.0014219825461162048,0.9960413841382477,0.0012293131342758449,0.0003070739975688363
dia169_utt18.wav,disgust,disgust,True,1.962902171413834e-05,0.9998693073813278,1.0781119945016805e-05,1.738404783011681e-05,6.116955944533351e-05,2.4790271085114025e-06,1.9249842629006065e-05
dia169_utt20.wav,neutral,neutral,True,0.0007712840253563317,3.480590176622975e-05,6.984824944104491e-05,0.001064000316328992,0.9949928297381547,8.722197423983552e-05,0.0029800097947125857
dia169_utt5.wav,surprise,surprise,True,0.0014224062170453819,1.8204675638421997e-05,2.0714979981962087e-05,0.00252851176743695,0.0012931981175591963,0.00023425363814168085,0.9944827106041965
dia169_utt8.wav,surprise,surprise,True,0.00019026941849651323,3.310450469610673e-05,0.00011828674745059817,0.0008725074536482651,0.0009537457556918668,0.0004124927354899788,0.9974195933845266
dia16_utt1.wav,neutral,neutral,True,0.0008754787413213689,0.00017062521335860649,0.0006056889507430245,0.004049335414676678,0.990923981183658,0.0013539467650642934,0.0020209437311781166
dia16_utt2.wav,neutral,neutral,True,0.009557888754581226,0.0013389772008202678,0.016591689075037153,0.09221449300546436,0.5962641206750783,0.013490169213956484,0.27054266207506233
dia170_utt0.wav,surprise,surprise,True,9.510087376830289e-05,4.976672386416284e-06,0.00025710361610826224,0.000570292647839341,0.0014432034425392918,0.00017475481115462383,0.9974545679362038
dia176_utt0.wav,neutral,neutral,True,0.15453081489734646,0.0007780329293191274,0.0012339088650119897,0.021064389652518847,0.7991868823789605,0.004630498313786452,0.018575472963056647
dia179_utt1.wav,anger,anger,True,0.9980976063260305,4.6376559520484135e-05,0.0004919142341149075,0.00039921183315291993,0.00018024731607618643,0.00012163956394519944,0.0006630041671597907
dia17_utt2.wav,neutral,neutral,True,0.012300904864056484,0.0008883745482733212,0.016044034732759605,0.3992569209597712,0.4808585836348931,0.056496501551461846,0.034154679708784476
dia181_utt0.wav,neutral,neutral,True,0.0008066218781725763,6.0083269705160705e-05,0.00013458161614206908,0.00107818321523518,0.9964691818013033,0.0007453624213948182,0.0007059857980469249
dia183_utt1.wav,joy,neutral,False,0.004351844447065646,0.0003607990590717155,0.0006638620891118186,0.890614038908499,0.06850183124445582,0.027139279587025424,0.008368344664770693
dia183_utt4.wav,sadness,neutral,False,0.057325250894496076,0.021766279638147753,0.0065988361004512735,0.0416102516455067,0.04380161694598002,0.7692971451661262,0.059600619609291985
dia183_utt5.wav,neutral,neutral,True,0.014999651813397697,0.0033786521307954914,0.0032805268198366913,0.21422836945278587,0.6914028218642705,0.006801956708092206,0.06590802121082161
dia183_utt6.wav,neutral,neutral,True,0.058147633906261875,0.00552245999023454,0.005169254889724195,0.27470780957579,0.40563468203498754,0.1599329843802883,0.09088517522271361
dia183_utt8.wav,neutral,neutral,True,0.002458877754135094,0.011009258657762097,0.0023291373070846674,0.031124485499824984,0.626367302093004,0.16083695295965805,0.16587398572853126
dia185_utt3.wav,joy,joy,True,0.00051773450621395,2.5458246187407187e-05,9.592241690276475e-05,0.9971093085171091,0.0006095842494309579,5.643581766309835e-05,0.0015855562464927656
dia185_utt7.wav,neutral,neutral,True,0.0006634112912825778,0.0003170159432103942,0.00011420039087117834,0.0014377075885344376,0.9958021633504537,0.0012267838856470602,0.00043871755000068235
dia186_utt3.wav,sadness,sadness,True,0.06323577817466053,0.025786087487781422,0.15754710860374121,0.05119715663140935,0.010400610107085182,0.3589667874067836,0.3328664715885388
dia188_utt0.wav,joy,neutral,False,0.009511295986258257,0.004704552402457023,0.032118559408649903,0.6065061023740993,0.275753827964422,0.008754179340342342,0.06265148252377127
dia188_utt8.wav,joy,joy,True,0.011182950111591304,0.003921537509922326,0.006783537182695437,0.9388977586327383,0.011428162020276359,0.01876608687066562,0.009019967672110616
dia189_utt0.wav,joy,joy,True,0.0011349430977431359,0.00028123857930499255,0.0005709652016380899,0.9933598255883116,0.0016629908355823523,0.0016996292019337731,0.0012904074954859623
dia189_utt4.wav,neutral,neutral,True,0.00027747216155222447,0.00019867583953936895,8.62564416739842e-06,0.0008161411637198671,0.9962978156870654,0.000771060289014987,0.0016302092149407983
dia189_utt5.wav,neutral,neutral,True,0.0017642186813187494,0.00011693906589767414,0.00018106282773400006,0.001576255611790065,0.9941799341319089,0.001463538330212496,0.0007180513511381341
dia189_utt7.wav,surprise,surprise,True,0.00035192100452187397,8.306322654394787e-06,5.1518712215399284e-05,0.0013414125619364671,0.0011350707286605043,0.0005970413988838077,0.9965147292711276
dia198_utt2.wav,anger,anger,True,0.9958444475260215,4.378873385760352e-05,0.0008089909050267771,0.0013102220265418705,0.00028973328623691625,0.0004308417916095661,0.0012719757307056345
dia198_utt6.wav,joy,joy,True,0.002753756408572592,9.412926547738963e-05,0.00046426485274319933,0.9956917932617817,0.0005057851244234124,0.00019634368789279402,0.00029392739910901036
dia198_utt7.wav,joy,joy,True,0.003025498247327632,0.00011074058545831907,0.00048054395795095873,0.991754980422327,0.0014720085448890663,0.0018104597321165236,0.001345768509930282
dia198_utt8.wav,anger,anger,True,0.9979300725643655,1.1823579545966315e-05,0.00012437001555151302,0.0007623717491450901,0.0008493515337374924,9.717114611852915e-05,0.0002248394115358343
dia1_utt0.wav,joy,neutral,False,0.02075658478852796,0.0015632198334469658,0.004939039513707138,0.4828070076271377,0.4205558337998791,0.04098123156398397,0.0283970828733171
dia1_utt4.wav,joy,joy,True,0.0003598354657001999,0.00012166841417288233,0.00020926083223652716,0.9951722881167107,0.002687527068156217,0.00020306315045219177,0.0012463569525711855
dia201_utt0.wav,neutral,neutral,True,0.016927661878804796,0.001442937769196608,0.001033249297738112,0.020826215533156178,0.9523361648568592,0.001672467401411937,0.0057613032628332774
dia201_utt10.wav,surprise,surprise,True,0.0005086089519699195,7.391784315973559e-06,5.709644493586368e-05,0.0014630365203403706,0.000950531099780664,0.0004990808796409202,0.9965142543190163
dia201_utt2.wav,joy,joy,True,0.0005496972415010333,0.0003906596000807638,0.0001043011407172385,0.9949559080988338,0.0010930566249714782,0.0011797795934450745,0.0017265977004505145
dia201_utt3.wav,neutral,neutral,True,0.0004947497318340037,1.6190002681560244e-05,3.5364292224988527e-05,0.0008858611587958482,0.9962755776510314,0.00047928714721031464,0.001812970016221805
dia201_utt6.wav,neutral,neutral,True,0.06887117652373072,0.0005725903706145819,0.005907447653929169,0.22816798887092193,0.6240292950507292,0.02166678214823909,0.05078471938183526
dia201_utt8.wav,anger,anger,True,0.9948914976584763,4.02920597812766e-05,0.0004100267558970946,0.0016677883015150238,0.00038394895370264415,0.0012330257848806668,0.0013734204857470248
dia202_utt0.wav,neutral,neutral,True,0.0003677314919018138,0.00011387017188721619,3.7913985398642384e-05,0.0021370463616723124,0.99488357142139,0.0006398186681953923,0.001820047899554856
dia202_utt2.wav,joy,joy,True,0.00043520596927983134,4.797324447530915e-05,0.00011734888686655041,0.9970653872908782,0.0014255494434329285,0.00037601688454240846,0.0005325182805246329
dia205_utt1.wav,anger,anger,True,0.9967705817308267,4.4064691049286164e-05,5.706793667916221e-05,0.0019534446523106676,0.0007780037713003605,0.00011432531066602937,0.0002825119071677655
dia206_utt0.wav,joy,joy,True,0.004113701205526836,0.00029865800725856196,0.000329808442500191,0.991117499523448,0.002505583265180054,0.0004036197165278215,0.0012311298395586583
dia208_utt1.wav,neutral,neutral,True,0.0007247535011276681,1.777293154659139e-05,9.036933173340698e-05,0.0011855557769668546,0.9975779293963617,0.00012722649897736057,0.0002763925632865233
dia208_utt10.wav,neutral,neutral,True,0.00033541471752188747,5.9713101123078426e-05,3.3709450902986076e-05,0.0005471603794704946,0.9975044318731957,0.001336807693466723,0.00018276278431901807
dia208_utt2.wav,neutral,neutral,True,0.09537271200212143,0.00026112208249471134,0.0015294230555045712,0.04996320274844332,0.7793951870270849,0.011641990318216463,0.06183636276613444
dia208_utt4.wav,sadness,sadness,True,0.0001335210197365857,2.8153174718679276e-05,6.22220402979162e-05,0.0012971019927119256,9.13039227605757e-05,0.9977820833165058,0.0006056145332683707
dia208_utt6.wav,neutral,neutral,True,0.002067252490684757,0.0005668276531924652,0.0009052144441281381,0.14108412699800807,0.6445199286117207,0.0010218708601640255,0.2098347789421018
dia208_utt8.wav,surprise,surprise,True,0.001298138364110801,0.0004666595662937052,0.00036533046656235616,0.0017753426600337682,0.0012730933310558462,0.00048457390223299597,0.9943368617097105
dia20_utt1.wav,neutral,neutral,True,0.02694162949035153,0.003512840324148534,0.006826661133333116,0.31485299095159414,0.551388122907685,0.020647105490080527,0.07583064970280709
dia20_utt7.wav,neutral,neutral,True,0.002277182536591024,0.0002083822729544626,0.0003834892694903369,0.0033848480818271867,0.9898530942068102,0.0005015081351994002,0.0033914954971274503
dia211_utt7.wav,neutral,neutral,True,0.01369212420916106,0.00903764269665426,0.0028521048465762135,0.16784165825604436,0.7268723940694652,0.054331500013106174,0.02537257590899264
dia214_utt2.wav,neutral,neutral,True,0.0009275214112265699,9.562676731598169e-05,0.00015565224573127514,0.0037827936671882318,0.9923214934345824,0.001625008649010775,0.001091903824944671
dia214_utt3.wav,neutral,neutral,True,0.1021914038911389,0.013080466824563826,0.017062883160134316,0.09758807382112379,0.602969752972686,0.09275495654916667,0.07435246278118661
dia214_utt4.wav,sadness,sadness,True,0.0009296436962709711,0.0001216970948283207,0.0003742436748720362,0.0028871869144171214,0.0005081154284224436,0.9944369166330788,0.0007421965581103737
dia216_utt3.wav,neutral,neutral,True,0.0017496042040702651,0.00010140462505200315,0.00012679591690252395,0.004593109904648653,0.9918783357620828,0.000741040674226478,0.0008097089130173801
dia227_utt2.wav,neutral,neutral,True,0.0016976499224583199,0.00016934613801443093,0.001350597636464014,0.003343547617512187,0.9896592894346075,0.002302757052094347,0.001476812198849213
dia229_utt5.wav,joy,joy,True,0.003172743953199515,8.981385386375756e-05,0.00026878562061117964,0.991934656836361,0.00299060679312991,0.0005188152660434485,0.0010245776767911908
dia229_utt6.wav,neutral,neutral,True,0.00022287237294949837,6.164214486928635e-06,4.815426196581505e-05,0.0005993154037777271,0.9985805886346006,0.0002711106293017081,0.0002717944829175716
dia229_utt8.wav,neutral,neutral,True,0.0008293598899228988,7.735797707394164e-05,0.0004259748770589987,0.0014191852082268497,0.9959836503660899,0.000566750420922427,0.0006977212607049716
dia230_utt0.wav,neutral,neutral,True,0.022841228399562888,0.00045565784490388464,0.0011639935371847074,0.36245815554336636,0.5964697364103847,0.003906783736615886,0.012704444527981687
dia231_utt11.wav,disgust,disgust,True,1.673863228094034e-05,0.9996329664589646,1.3738200702412875e-06,3.2970500979264384e-05,0.00027922455504247813,1.560398399780323e-05,2.112204866451543e-05
dia231_utt9.wav,fear,fear,True,0.030492465073661216,0.005194935333327139,0.8532567413232752,0.04486257206248986,0.014035107622563115,0.025927354464760397,0.026230824119923002
dia237_utt1.wav,neutral,neutral,True,0.0013128322838736872,1.364732028139847e-05,0.00013238384889714048,0.0028403791606303437,0.994493520874694,0.00017067368422239463,0.001036562827400913
dia240_utt13.wav,neutral,neutral,True,0.25768122722572767,0.010086364286733778,0.015414041967840965,0.16073038366768924,0.43562394422329387,0.03866649070989748,0.08179754791881723
dia240_utt15.wav,sadness,sadness,True,0.007772252162733525,0.00013632516344385493,0.00016732874721770005,0.007508662607061155,0.001279149603173345,0.9807391183089098,0.00239716340746071
dia240_utt4.wav,surprise,surprise,True,0.012516046125265494,0.0008107990498786049,0.011828782659018105,0.01680927251548683,0.0461895911696537,0.00243640660515221,0.9094091018755451
dia240_utt7.wav,joy,joy,True,0.0006737706408659933,5.630445441729826e-05,8.31849807005719e-05,0.9937159255212861,0.004894627223258223,0.00021737235764961315,0.00035881482182223195
dia240_utt9.wav,joy,joy,True,0.00025227284797183305,3.408546013006201e-05,0.00015981361672184297,0.9974351628475125,0.0016478036953929518,0.00021380745121587529,0.00025705408105515987
dia241_utt1.wav,joy,joy,True,0.002491655667327702,0.0004481108512245563,0.0009115701963933599,0.9905357721398903,0.0007684358192729752,0.002231507036351332,0.0026129482895399132
dia241_utt2.wav,joy,joy,True,0.0006527310198930721,7.534336903356542e-05,0.00015856548221783052,0.9947727680001276,0.002345829531213896,0.0009771794508581777,0.0010175831466559867
dia241_utt7.wav,surprise,surprise,True,0.005532831647281875,0.0019189112620015525,0.002686748910408481,0.008283375184691917,0.014221760109920082,0.0028148405021122206,0.9645415323835839
dia241_utt9.wav,joy,joy,True,0.0007563614488052714,3.475914926119431e-05,8.715120394357025e-05,0.9972549514147275,0.0013131257451601214,0.00020672537338211429,0.0003469256647201784
dia246_utt10.wav,neutral,neutral,True,0.0684668936751448,0.008985239623089742,0.01406802417443136,0.19218052314965842,0.44714166014510853,0.12092136078975863,0.1482362984428086
dia246_utt11.wav,neutral,neutral,True,0.0010145102983505792,0.0001510503184076363,7.238064345118756e-05,0.0030944475262394164,0.9945116810206047,0.00045020274873636585,0.0007057274442101264
dia250_utt5.wav,surprise,surprise,True,0.0003917541156559435,0.00012666932551804458,0.00023306431430424407,0.000731391192107799,0.00039075981256333364,0.00020500225925491279,0.9979213589805956
dia252_utt14.wav,neutral,neutral,True,0.0027348991772783507,0.000216747368843626,0.00021206624254400548,0.0011799124714000925,0.9933161118842799,0.0018655086328570544,0.0004747542227968979
dia252_utt15.wav,joy,neutral,False,0.16149740370660326,0.0026696514831507185,0.012012440783102686,0.5204931310747847,0.1058769229686607,0.025646076515866135,0.17180437346783184
dia252_utt16.wav,neutral,neutral,True,0.00033913963979207047,0.00012105477054668644,4.620290183338686e-05,0.0015269733493569718,0.9941600031609704,0.00048392311501886887,0.0033227030624815275
dia252_utt18.wav,neutral,neutral,True,0.0019810344377674386,5.493100544027911e-06,0.0001118003292991966,0.002046987672734069,0.9952737902078462,0.00011771300312222324,0.0004631812486869877
dia254_utt15.wav,anger,anger,True,0.9971973997994266,3.583700805454707e-05,0.00010445301573729981,0.0007567837987859081,0.0004974199429878406,0.00012342636983125234,0.0012846800651764852
dia254_utt6.wav,anger,anger,True,0.99686709677031,1.033560945650209e-05,8.696687393443039e-05,0.00034337798594055545,0.0004398145104764477,0.00015766932883916527,0.002094738921042791
dia254_utt8.wav,joy,neutral,False,0.2010529343397846,0.02011261550600057,0.006116626490024083,0.45143106356953855,0.125454228481839,0.054796132094466966,0.14103639951834623
dia257_utt0.wav,neutral,neutral,True,0.004683959938434075,0.004735696896013322,0.0014164465361541701,0.06437766095997456,0.3973451183430164,0.39531968016749397,0.13212143715891356
dia257_utt2.wav,neutral,neutral,True,0.07318147190867369,0.004789375015065003,0.0168888868143344,0.2822968662841366,0.3280331069191371,0.05407474695368077,0.2407355461049725
dia258_utt1.wav,neutral,neutral,True,0.03875630946345199,0.00023304507714963092,0.0027921737989114936,0.021189474585373666,0.8821384698175803,0.011215077743558042,0.043675449513974764
dia258_utt11.wav,joy,joy,True,0.0017411470901624198,0.000393638458826851,0.001100597928800434,0.9913733623246269,0.0005827946763967656,0.003044866093498517,0.0017635934276878944
dia258_utt3.wav,neutral,neutral,True,0.16852006736444014,0.0011839029693491397,0.015257097766370494,0.026550575489123568,0.6909037598275524,0.04600768096674149,0.05157691561642297
dia258_utt4.wav,neutral,neutral,True,0.1482573701617049,0.0008731872708809611,0.0015366482249627366,0.07720232024351159,0.7327321469694934,0.015002719227840092,0.024395607901606223
dia258_utt7.wav,neutral,neutral,True,0.08951159116359807,0.03401381383830926,0.009907530338622943,0.19608305625058284,0.31000889795214803,0.2710426128655447,0.0894324975911942
dia260_utt3.wav,joy,joy,True,0.0016007721694074573,8.329382608497906e-05,0.00026299588630650104,0.9926382603769195,0.0031007538714285464,0.0006004639284406836,0.0017134599414122642
dia260_utt5.wav,neutral,neutral,True,0.0029168661634268443,6.670652885970778e-05,8.981145780876353e-05,0.0034587380373518645,0.9901990833620755,0.0023304210182064733,0.0009383734322707078
dia260_utt7.wav,neutral,neutral,True,0.12074740968505669,0.04057525610539637,0.14557346277309216,0.08798820397208866,0.3095692360604402,0.11652105701378442,0.17902537439014157
dia261_utt0.wav,surprise,surprise,True,0.0003709865530301158,5.998861938304224e-06,3.225786118716312e-05,0.0002733535190919255,0.0002012580899609736,8.651435040751005e-05,0.999029630764384
dia261_utt6.wav,neutral,neutral,True,0.0002453384475181518,0.00013118062042746822,0.0001461378822776428,0.0014128655979826624,0.9965210811063774,0.0003782245177997129,0.0011651718276168594
dia261_utt8.wav,neutral,neutral,True,0.0007277935471966607,0.00010642198262868949,5.4538103318022335e-05,0.000681413629420774,0.9959431345953303,0.0005741008955833584,0.0019125972465221129
dia263_utt1.wav,neutral,neutral,True,0.00018599702186985575,3.220655129928955e-05,2.5328312938188145e-05,0.0005402164988686225,0.9987365875405564,0.0001322595384365553,0.00034740453603127947
dia263_utt6.wav,joy,joy,True,0.0015079568761273794,2.6189552313026473e-05,0.00026113370961138905,0.9940517008727162,0.0031419123158528753,0.00042925952189900343,0.0005818471514800764
dia264_utt0.wav,anger,anger,True,0.994412142094203,5.191908165097565e-05,0.00013044794502668647,0.001115250499213868,0.0028140126077941577,0.00046311755119849026,0.0010131102209125463
dia264_utt2.wav,surprise,surprise,True,0.000253935008738088,4.524533436880987e-06,1.8937828287578914e-05,0.00023413837854938146,8.723568561897277e-05,3.79215287985444e-05,0.9993633070365705
dia267_utt10.wav,neutral,neutral,True,0.0002509034479640002,8.30996073174755e-05,0.00012921425295089642,0.001244638169941729,0.9970813528276088,0.0004022875801919362,0.0008085041140250988
dia267_utt3.wav,sadness,sadness,True,0.0007637274620366407,1.7362025277800182e-05,0.00010594533199135483,0.00031302316752720755,0.00025757286972623577,0.9981147995296148,0.00042756961382599474
dia267_utt5.wav,surprise,surprise,True,0.00031014973497305026,1.676581877951981e-05,0.00015913820036189113,0.0006777636526120752,0.001621458295384285,0.0002932896150179224,0.9969214346828713
dia267_utt8.wav,sadness,sadness,True,0.00046355680598936597,5.632868984500741e-05,0.00012293833198143465,0.000379369002354828,0.0009214616777265901,0.9974767942309506,0.0005795512611521141
dia271_utt2.wav,neutral,neutral,True,0.0228119458657018,0.008711125849891654,0.017093612455798463,0.3800784741421098,0.3807956935040756,0.10248489086618161,0.08802425731624115
dia274_utt2.wav,anger,anger,True,0.9953278218044973,0.00045978045938656505,0.00010462295975519852,0.0010226489116501839,0.0013707285077147785,0.0015169310239592953,0.00019746633303687787
dia275_utt1.wav,neutral,neutral,True,0.059406345376092864,0.024179925125207256,0.012813861224115148,0.15575887811859213,0.43389290676489317,0.1358423401343625,0.1781057432567369
dia28_utt16.wav,disgust,neutral,False,0.007901278732555715,0.28687479559113555,0.0056082081859487164,0.23927637658651565,0.1333054444629101,0.19638592954670014,0.1306479668942342
dia37_utt1.wav,surprise,neutral,False,0.0046640186470267644,0.0003115582063006941,0.0017988501595398573,0.019902079931371254,0.44953263893456047,0.03003541108659459,0.4937554430346065
dia38_utt1.wav,joy,joy,True,0.000884985891298534,0.00013390444977197044,0.00012804989180179908,0.9929177148420555,0.0042245228209752414,0.00019119331482864935,0.0015196287892685532
dia38_utt3.wav,joy,joy,True,0.000491140055675293,0.0001690636314124576,0.000749757010395719,0.9951494869043235,0.0016805981829169244,0.0010733354659338056,0.0006866187493424944
dia43_utt1.wav,neutral,neutral,True,0.011985295785118047,0.0028836700363544564,0.00329874227098182,0.06495390858947848,0.787405514516424,0.06282088990414612,0.06665197889749694
dia47_utt0.wav,sadness,sadness,True,7.173584806484059e-05,6.274361571814837e-05,9.844781115822276e-05,0.0006420300726638644,0.0006315626331751745,0.9981403315145043,0.0003531485047154864
dia47_utt10.wav,neutral,neutral,True,0.039785144854456965,0.004053536804480667,0.005241673155018821,0.4416092517112468,0.443088590956978,0.04376076238856037,0.022461040129258373
dia47_utt6.wav,sadness,sadness,True,0.0003416530342408098,7.993634964718877e-06,0.0001833008259797307,0.00039592276209397657,0.0005187646538455549,0.998363929489207,0.00018843559966819155
dia49_utt2.wav,neutral,neutral,True,0.0010138247984981918,8.147409787912635e-05,0.00013553657063645203,0.0015002774216398647,0.9952629412948594,0.0004415267935274281,0.0015644190229597108
dia49_utt6.wav,neutral,neutral,True,0.08558982655511173,0.0023522105425564477,0.006652898943651965,0.1449070626638564,0.6840904038035466,0.021685121537304307,0.05472247595397252
dia4_utt5.wav,fear,fear,True,2.5091529808805057e-05,1.5292941314657632e-06,0.9996335479899155,3.3320512112684425e-05,2.9052603970742274e-05,2.6880128882026084e-05,0.0002505779411788732
dia4_utt8.wav,neutral,neutral,True,0.0004261109722884632,7.730000145789324e-05,0.00010499357112085859,0.0008521830495941739,0.9963002299446363,0.0006756251295264283,0.001563557331375678
dia51_utt2.wav,neutral,neutral,True,0.0009657731801134962,0.00015416686645000502,0.00037940572372045653,0.001965538510292829,0.9943044082040491,0.0008883091293361281,0.0013423983860379348
dia52_utt7.wav,surprise,surprise,True,0.00025337201745890376,0.00017689037618228158,7.805187821177681e-05,0.0012718366306741509,0.0004299051074984593,0.00022987797063016207,0.9975600660193442
dia52_utt9.wav,neutral,neutral,True,0.0015541414735389372,5.0232546168616124e-06,5.137674614754536e-06,0.0005447335304705352,0.9971643147539475,5.2539012593602715e-05,0.0006741103002178406
dia5_utt8.wav,neutral,neutral,True,0.012508658593789215,0.0007691349019715468,0.002738737275730837,0.048181967448715037,0.8562132661425123,0.008904986065134337,0.07068324957214692
dia64_utt10.wav,joy,neutral,False,0.025187590401157423,0.17035096048926762,0.013770347497027382,0.3372083352309806,0.19522896581155788,0.23458272352913373,0.023671077040875385
dia64_utt11.wav,sadness,neutral,False,0.1938132440924263,0.005416719696904347,0.04861492344276562,0.16035157238146897,0.13937216684369677,0.24439915792591568,0.2080322156168224
dia64_utt12.wav,sadness,sadness,True,0.00016626537690245488,4.0585507475613044e-05,4.7261942883309136e-05,0.00012360810066877636,0.000159577989412081,0.9992744244930228,0.00018827658963502426
dia64_utt14.wav,surprise,surprise,True,0.001156078079552906,0.00011990229229011757,0.00017583946271784904,0.0007463595373788642,0.00039024725242305905,0.0010587585176241318,0.9963528148580131
dia64_utt16.wav,neutral,neutral,True,0.00120693405005098,6.38329203050873e-05,0.0004149250646948827,0.0017827368368315284,0.9959917499690586,0.00011811095356745165,0.00042171020549154804
dia65_utt10.wav,surprise,surprise,True,0.0012161523928269887,0.00011175884508288014,0.0004993063767635187,0.0033777790896917796,0.0009151916374526633,0.00019782391040126587,0.9936819877477809
dia65_utt3.wav,disgust,disgust,True,3.9647167124826824e-05,0.9998028117720748,1.2191465309932406e-05,9.64913838470697e-05,2.037690629736072e-05,1.0189345290493628e-05,1.8291960055572935e-05
dia68_utt1.wav,anger,anger,True,0.9975005321458562,0.00017888370353730026,3.7477801434933656e-05,0.0008549274439162922,0.0007940221128265666,0.0005504366353771258,8.372015705132272e-05
dia68_utt10.wav,neutral,neutral,True,9.669161437538062e-05,1.864708598842081e-05,0.0002615813037757069,0.0011138736954251797,0.9963237693220477,0.0003969969637953997,0.0017884400145922789
dia68_utt12.wav,joy,joy,True,0.0004760554367534217,9.06964810259209e-05,0.0002030125588273093,0.9939874318382321,0.00042297615984505195,0.0010835906249504709,0.003736236900365826
dia68_utt14.wav,neutral,neutral,True,0.027082638815486493,0.0037695570952689557,0.003820629511631163,0.07210153881756497,0.6417148855684517,0.025146620474889168,0.22636412971670766
dia68_utt2.wav,neutral,neutral,True,0.04873176001837771,0.009657749860849546,0.0015425809050803238,0.08338010509391544,0.7082554088148467,0.05962518025400578,0.08880721505292458
dia68_utt4.wav,neutral,neutral,True,0.0006122600116534214,7.975373733865183e-05,9.384222579486706e-05,0.0004440859350703129,0.9958596224979962,0.00047726146924376183,0.0024331741229027194
dia68_utt6.wav,neutral,neutral,True,0.09010175179009794,0.001868944561803686,0.018547537777674636,0.1922967345750767,0.4957359178802625,0.09013882166088003,0.11131029175420463
dia68_utt8.wav,neutral,neutral,True,0.0016675119068080971,0.00020899401311019254,2.4536083710920327e-05,0.000355985758536734,0.9969822772316415,0.0003054808814010528,0.00045521412479145225
dia6_utt0.wav,surprise,neutral,False,0.015130850439670863,0.0028008240187241628,0.0023928816309270744,0.07089459178788278,0.3047658772110542,0.011777691561081702,0.5922372833506593
dia70_utt0.wav,neutral,neutral,True,0.00011590683698952336,2.2781118049190558e-05,0.00016952079111343555,0.0017624095288573229,0.9971245130371935,0.0001021097236858243,0.0007027589641113511
