FILENAME,PREDICT_LABEL,TRUE_LABEL,MATCHING,ANGER_POSSIBILITY,DISGUST_POSSIBILITY,FEAR_POSSIBILITY,JOY_POSSIBILITY,NEUTRAL_POSSIBILITY,SADNESS_POSSIBILITY,SURPRISE_POSSIBILITY
dia103_utt3.wav,surprise,surprise,True,0.004669321140517176,0.0002802538739357734,0.0018369247958423408,0.001717730825945282,0.0014841494085025492,0.0008727360068673718,0.9891388839483896
dia103_utt5.wav,surprise,surprise,True,0.00017417462332643415,9.375109155211496e-05,9.696833895770617e-05,0.0014046068633423144,0.005079505916257025,0.0014875380565442802,0.9916634551100201
dia104_utt0.wav,neutral,joy,False,0.04851825504128882,0.0027400096848253746,0.06238622355248919,0.007368314571080189,0.8222433524200209,0.019553369956026113,0.03719047477426945
dia104_utt2.wav,joy,neutral,False,0.16869823659084024,0.01697891385231544,0.019816024717446,0.4869100527339267,0.101787272178333,0.025403353722733342,0.18040614620440545
dia106_utt0.wav,anger,anger,True,0.9907471725983974,0.00020812424570370252,0.00012428242828778902,0.0006459892231730734,0.007891954574313909,0.00019442255335458611,0.00018805437676934445
dia109_utt1.wav,joy,joy,True,0.001153461390293617,3.518303307873423e-05,3.834341483964898e-05,0.9906654345647878,0.005460384706270698,0.00013452716507727212,0.0025126657256522382
dia109_utt6.wav,neutral,neutral,True,0.028059184951684198,0.1386570533893215,0.08498592434181738,0.11199780522897679,0.5219230967675305,0.03267874660879036,0.08169818871187938
dia10_utt0.wav,anger,anger,True,0.9850188718882363,9.682997430999166e-06,0.0003238461541727155,0.006877549555847087,0.0015534655165865513,0.00227221206784815,0.00394437181987822
dia10_utt1.wav,neutral,neutral,True,0.0005775230327761996,7.047301723501305e-05,0.00019650697426347227,0.0037513107137956696,0.9891160781660414,0.0005564864364927253,0.005731621659395447
dia10_utt2.wav,neutral,neutral,True,0.0035705219293745544,0.0005438450830498449,0.00020369738732776998,0.006746861861481234,0.9875500428518668,0.0006101743261170009,0.0007748565607828202
dia110_utt0.wav,surprise,surprise,True,0.0006197778243413332,0.00024729471245757715,0.0004470786828372184,0.001884972946643445,0.0028373442021019835,0.0005546573056570873,0.9934088743259613
dia111_utt12.wav,sadness,neutral,False,0.004864623343898842,0.0009156964967273794,0.007772899651029626,0.038914315283578686,0.051954711221994805,0.7643050489421143,0.13127270506065636
dia111_utt14.wav,neutral,neutral,True,0.0021739080474901073,0.0012127961031122834,0.0009651372867058277,0.00459728902508358,0.9842281501251542,0.001218107228508559,0.005604612183945704
dia113_utt2.wav,joy,joy,True,0.0024213542434901375,8.172959556895714e-05,0.0003933950727842728,0.9818101036027626,0.01246975140717693,0.0002724749452049854,0.0025511911330122297
dia113_utt7.wav,anger,anger,True,0.9974059175035382,5.637417763542225e-06,2.887921077994036e-05,0.0015924224205619618,0.0003352979683970002,0.00012204570626922212,0.0005097997726897115
dia114_utt1.wav,neutral,neutral,True,0.008261410735341769,0.009649190987139537,0.0012939068891406579,0.04360157770916328,0.6012270034265149,0.25398890608764246,0.08197800416505749
dia114_utt5.wav,joy,joy,True,0.0017679368424962944,6.737125199963104e-05,0.0006131598795308472,0.9931486316827551,0.0012530357430164006,0.0006054127719512696,0.0025444518282501773
dia116_utt1.wav,neutral,neutral,True,0.0004842421214162298,0.0002334692509427308,5.803676024831626e-05,0.005517716280286998,0.9903498921851707,0.0014912628412291724,0.0018653805607060107
dia116_utt5.wav,sadness,sadness,True,0.05587858590621207,0.04726451929057692,0.011296323748424035,0.0815333088993558,0.02935644421157487,0.6815450729377884,0.09312574500606781
dia121_utt1.wav,joy,joy,True,0.0002685997971891707,7.474843993407995e-05,3.8950745570714926e-05,0.9824433678939257,0.013089775225543766,0.003012440235341813,0.001072117662494793
dia121_utt3.wav,joy,neutral,False,0.030474701763358397,0.002040660890687121,0.004522376717780165,0.4169245082239453,0.220458282493227,0.28746454559889983,0.0381149243121022
dia121_utt5.wav,joy,joy,True,0.0003867888011581074,9.284371612964745e-05,0.0001855410504428426,0.9934257217525098,0.0036596488160389115,0.0006033285057404328,0.001646127357980311
dia125_utt11.wav,joy,joy,True,0.00422524048290506,0.0008422845219241825,0.0018657772523682275,0.95988421140312,0.025592063755362528,0.004107623890795056,0.0034827986935250205
dia125_utt12.wav,neutral,neutral,True,0.0016307288029679555,0.0004860404104785271,0.0006324705465444221,0.006136475510545436,0.9840467217412422,0.005986240813531031,0.001081322174690692
dia125_utt14.wav,surprise,surprise,True,0.0010960650928793093,7.15712581527811e-05,0.00013523183445401707,0.00537094981965913,0.0039025862530940878,0.00038886103435857876,0.989034734707402
dia125_utt17.wav,surprise,surprise,True,0.000492663149171391,6.0493955343443235e-05,3.771329583688796e-05,0.0009476231285914205,0.006237897422840177,0.00030623999345819584,0.9919173690547585
dia125_utt18.wav,anger,anger,True,0.995536833155224,9.812902002063561e-06,2.3545532410055383e-05,0.0035114095092590013,0.0003219367108087051,0.0002294059101297673,0.0003670562801665834
dia125_utt19.wav,anger,anger,True,0.9772777478520968,0.0003143712574242519,0.0011122639660168933,0.00953428552852074,0.008833420827900508,0.0009428598165091199,0.0019850507515316767
dia125_utt22.wav,surprise,surprise,True,0.027770411894273886,0.0025215817230042036,0.002023734082302767,0.015811094365368386,0.05524587199069935,0.018077379081466394,0.8785499268628849
dia125_utt4.wav,surprise,neutral,False,0.013521813651271397,0.0011488424373077314,0.014050582492329109,0.23059556437326928,0.24956029097726531,0.0014514626104518787,0.4896714434581052
dia125_utt7.wav,surprise,surprise,True,0.09050248883402265,0.00036528388881486567,0.008364320690416054,0.03953857815407687,0.028573970997734822,0.004550438544658965,0.8281049188902757
dia125_utt8.wav,neutral,neutral,True,0.0009920549410881903,0.0003559902644024397,0.0011853667344771863,0.012845287301695287,0.980382222376969,0.0005333680650745999,0.003705710316293322
dia125_utt9.wav,neutral,neutral,True,0.0010763025159989078,7.826683294004303e-05,0.0011372275609793654,0.00813062701064037,0.9875310967299662,0.00045801564107661593,0.0015884637083983446
dia129_utt4.wav,neutral,neutral,True,0.09778597476835076,0.0006255285453299657,0.0060152556403684,0.12041243238007038,0.6266671622423995,0.03564773186490945,0.11284591455857142
dia131_utt7.wav,surprise,neutral,False,0.026332657183022846,0.005293004251342742,0.057297655544558804,0.07058288872988339,0.09994501894180353,0.008559080575558244,0.7319896947738304
dia132_utt13.wav,neutral,neutral,True,0.0011604106500453404,0.0025050724794453377,0.0006465535687269535,0.012974940131092313,0.8450304862030991,0.006030796391745547,0.13165174057584533
dia132_utt14.wav,neutral,neutral,True,0.0029301605615654884,0.00164523610704758,0.0011648668044321984,0.003134909023062179,0.9844079197141321,0.0033582376371789472,0.003358670152581359
dia132_utt18.wav,neutral,neutral,True,0.005915757837572199,0.05741497362546417,0.001781367380331747,0.04751587246264575,0.7690627185185713,0.10499366020909076,0.013315649966324028
dia132_utt6.wav,neutral,neutral,True,0.0035727255920036936,0.001456779047616615,0.000987371532837838,0.008965068053482116,0.9815194917907865,0.001065302901865784,0.002433261081407431
dia132_utt8.wav,neutral,neutral,True,0.10836879175152633,0.01870154902276246,0.08854142398294894,0.20478841638839035,0.5394689836344774,0.006492031568304459,0.03363880365159022
dia137_utt10.wav,surprise,surprise,True,0.0004003585915403166,5.7426223368615415e-05,2.844348385958831e-05,0.0009217425038401173,0.002453993097161688,9.614319643540907e-05,0.9960418929037943
dia137_utt12.wav,surprise,surprise,True,0.0005909172432260429,0.0003352519112249776,0.000342293306434375,0.0020608441561041644,0.0013691374506785198,0.0010974082225047902,0.9942041477098272
dia137_utt13.wav,anger,anger,True,0.9933063570264914,0.00030274910474521787,0.0005401300608618458,0.0025870933949182513,0.00048590844816704217,0.002036676837683632,0.0007410851271326454
dia137_utt14.wav,anger,anger,True,0.9901181642199685,7.896123610273889e-05,0.00017055741009313762,0.003996638377637851,0.0036799297000098628,0.0002745567702275726,0.0016811922859601796
dia140_utt0.wav,anger,anger,True,0.9917124132382803,0.000515967767850717,0.0003481802847784762,0.0019928331867318043,0.0032915107169219243,0.00026425592356646476,0.0018748388818703825
dia140_utt11.wav,anger,anger,True,0.9898362443529136,0.0002129848919057857,0.0006847478696381513,0.0010342682998211357,0.0072520149115475425,0.0001093495741785539,0.0008703900999953721
dia140_utt13.wav,sadness,sadness,True,0.0003156727707834531,0.0012932177918743503,0.0002957143430979387,0.000911842872260531,0.0004506921154831522,0.996349743038858,0.00038311706764266
dia140_utt8.wav,sadness,sadness,True,0.00048821480047180266,0.0004888013217395616,0.00018658686812864005,0.0016808822731227684,0.002320048245994279,0.994120513768651,0.0007149527218918016
dia140_utt9.wav,joy,joy,True,0.002306313292184451,0.00012120598239509346,0.0002421899602072771,0.9812447124394243,0.012052154473569885,0.001169937601833658,0.002863486250385236
dia147_utt10.wav,joy,joy,True,0.0007072229966914557,0.00013642910055360906,2.5370127629847428e-05,0.9982672313028648,0.000733710175003975,3.885512469616155e-05,9.1181172560319e-05
dia147_utt2.wav,sadness,sadness,True,0.0002790091197375544,8.98609552348421e-05,0.0005924175457903154,0.002098689830044974,0.0004467419411074552,0.9958466815071049,0.0006465991009800962
dia14_utt1.wav,joy,joy,True,0.0020005747571190525,0.00011134269750075426,0.00017006017997565656,0.993190725477893,0.0027380952026651423,0.0001848281869129918,0.001604373497933312
dia14_utt4.wav,neutral,neutral,True,0.007955771947776396,0.000410520060344204,0.0025010589418756244,0.015129611615122572,0.9618664913751366,0.002228041982316449,0.009908504077428269
dia14_utt5.wav,neutral,neutral,True,0.00035158975086532643,0.0002931683385716899,9.142875556219184e-05,0.008841967555545628,0.9799882940700881,0.0004447385493314687,0.009988812980035443
dia153_utt2.wav,neutral,neutral,True,0.3200197957669333,0.09863170017010692,0.0061276640463317975,0.07372950706224157,0.399292682812352,0.00879310637742324,0.0934055437646113
dia153_utt3.wav,neutral,neutral,True,0.06140782035003348,0.0005689439598513036,0.006214670923504128,0.11413890964481413,0.5729099817536036,0.036287118553982554,0.2084725548142107
dia153_utt4.wav,fear,fear,True,3.603344607672867e-05,6.290713807031504e-05,0.9983466602448879,0.00014897610348933745,0.0003201719929456232,0.0002982517349964441,0.0007869993395335054
dia153_utt7.wav,disgust,neutral,False,0.17122355444306078,0.46844965269768285,0.0024042863035792054,0.02199080500290308,0.32402499088718645,0.001164638962026058,0.010742071703561569
dia154_utt4.wav,neutral,neutral,True,0.0033099602969616096,0.0009651204665762692,0.0039018274909558303,0.00835614356339987,0.9630726388081763,0.004871798102594985,0.015522511271335193
dia157_utt0.wav,neutral,neutral,True,0.0009274231779216414,0.0001749382269764294,0.0009768424076764524,0.00234829652966537,0.9933008441926795,0.0006964138832880958,0.0015752415817927641
dia157_utt1.wav,neutral,neutral,True,0.073298586995782,0.16447263364902645,0.003596240155804955,0.08267618786771991,0.6359070496569281,0.007931540968432273,0.03211776070630626
dia157_utt3.wav,neutral,neutral,True,0.0007376475243613485,0.0008791622094677825,0.00013857107562613818,0.0023197363652041505,0.9912723772641274,0.0006199365293687731,0.004032569031844495
dia157_utt7.wav,neutral,neutral,True,0.004363031265050577,0.00038312635226089495,0.0014676135642748972,0.014338253308865906,0.9737468052834644,0.0023015659616494226,0.0033996042644336075
dia15_utt5.wav,anger,anger,True,0.995161597519974,0.00024268001369091272,0.00017722178483252766,0.0008664566231098948,0.0028253512972099344,0.0003800140543146,0.0003466787068682598
dia160_utt9.wav,anger,anger,True,0.9915500003587022,0.000268829046802969,0.0010080275967913367,0.001981390422575206,0.0028010561540883854,0.0013869502901188138,0.0010037461309208647
dia164_utt4.wav,neutral,neutral,True,0.01948146900849593,0.0036568316985933114,0.007336263987210288,0.29365110102265257,0.3985223670103631,0.2253265604454684,0.05202540682721655
dia166_utt1.wav,anger,anger,True,0.9937594835872325,0.00017432550814244508,0.00023117235230597655,0.0009727153377779799,0.002796028208348065,0.0001754263732223689,0.0018908486329708755
dia166_utt10.wav,neutral,neutral,True,0.052112130826146845,0.007503949164950208,0.016160126958235578,0.12517379606441525,0.7250441430878336,0.06044168034260632,0.013564173555812057
dia166_utt11.wav,neutral,neutral,True,0.0026153201354376897,5.960407160378857e-05,0.0012691898256257347,0.0004042075559480937,0.9913159327220717,0.0002589994249233619,0.0040767462643897315
dia166_utt12.wav,neutral,neutral,True,0.05148636780654459,0.00454018323443948,0.0023067353663152063,0.08102905576782794,0.6763865626266026,0.00655803158994276,0.17769306360832737
dia166_utt13.wav,neutral,neutral,True,0.025079598577528107,0.1023781471372298,0.001671879263879962,0.01997444439327712,0.8247483625185561,0.00608484321916861,0.02006272489036039
dia166_utt3.wav,anger,anger,True,0.9844033133611567,0.0010088286416646709,0.000983102143091171,0.0038628253453850715,0.00492063325836633,0.0008144826908638488,0.004006814559472134
dia166_utt5.wav,sadness,sadness,True,0.0001697488726480417,1.5447799511212256e-05,9.780521019700153e-06,0.001601583523193404,0.0011455931126125999,0.996636721668534,0.0004211245024810401
dia166_utt9.wav,anger,neutral,False,0.49944299665016506,0.026108169230236344,0.006383520913919072,0.06860043320747286,0.3370703838604864,0.04476646944791065,0.01762802668980977
dia168_utt0.wav,neutral,neutral,True,0.00253328312802521,0.0007383331749870806,0.0003293735969434578,0.007461240821374241,0.9872554953945094,0.0003135435976959015,0.0013687302864649172
dia168_utt11.wav,anger,anger,True,0.9836532951459688,0.0008474199284740563,0.0002636496065360593,0.004474759188464228,0.009653687687670765,0.00026411669327996626,0.0008430717496062655
dia168_utt2.wav,neutral,neutral,True,0.0028069884340534996,0.00035404172248897775,0.00031093113591848683,0.007209796799500696,0.9842393877980268,0.0038141628195601397,0.001264691290451632
dia169_utt14.wav,anger,neutral,False,0.296179664326072,0.059462874019488944,0.009500620767813755,0.1729649103003027,0.27154341519788283,0.0165372536089642,0.17381126177947545
dia169_utt18.wav,disgust,disgust,True,0.0004087972247792356,0.9985948997602639,1.0126532867597972e-05,0.00016868361710917099,0.0007267269184663191,2.495233535060717e-05,6.58136111629186e-05
dia169_utt20.wav,neutral,neutral,True,0.002012118514302604,0.00018636249408031776,0.0008229025528329879,0.013077415300515512,0.9733839698474548,0.003214431906866187,0.007302799383947575
dia169_utt5.wav,surprise,surprise,True,8.595677427480726e-05,6.515836639113431e-06,2.6749924417555332e-05,0.0008370094492757282,0.0005320675284191734,0.0003924083752156125,0.9981192921117579
dia169_utt8.wav,surprise,surprise,True,0.00011747566090307249,7.211497582158678e-06,0.0005825048690811569,0.0009665765902969671,0.001990956993429948,8.736445034271252e-05,0.9962479099383639
dia16_utt1.wav,neutral,neutral,True,0.04868398866412462,0.0031559744440861816,0.0072631058367404805,0.10274439514453329,0.7124944702618904,0.0680548349089166,0.05760323073970846
dia16_utt2.wav,sadness,neutral,False,0.009094061064828032,0.0009682597445284698,0.0745393167795445,0.07408320323104438,0.1312828851036467,0.5160629808175383,0.1939692932588697
dia170_utt0.wav,surprise,surprise,True,0.00048479444118017213,3.428190233809596e-05,0.0011863696044847618,0.00037291821747250823,0.002212868256149482,0.00014969207167054977,0.9955590755067045
dia176_utt0.wav,anger,neutral,False,0.5406273751200212,0.09962686069822364,0.028437580565121627,0.05884190232532954,0.19897486297289305,0.03452168677926025,0.03896973153915077
dia179_utt1.wav,anger,anger,True,0.9950849152244711,0.00014030588440492442,0.0008289116290360805,0.0010477840925614329,0.0007676036706079484,0.00011642093868262261,0.002014058560235872
dia17_utt2.wav,neutral,neutral,True,0.01357056199424611,0.0007389170965290813,0.14567056208806597,0.11211156738604937,0.7203669552639328,0.00394683554643893,0.0035946006247378963
dia181_utt0.wav,neutral,neutral,True,0.027401504325803027,0.0010369319481471312,0.007542457936669125,0.10459693815439662,0.696112057238287,0.02461539060689647,0.1386947197898007
dia183_utt1.wav,neutral,neutral,True,0.0012568086935898645,4.6168055080772885e-05,0.0007579812806302599,0.004272793218763467,0.9923209212926521,0.0007426253285240852,0.0006027021307594625
dia183_utt4.wav,neutral,neutral,True,0.07421820632004243,0.01375166945961283,0.004453061279021834,0.1501564053398649,0.3327774171282046,0.27752796286063935,0.14711527761261403
dia183_utt5.wav,neutral,neutral,True,0.007729414049034485,0.008021330806713758,0.0031295904297613973,0.03488891006525196,0.8545732082046286,0.004021379099710805,0.08763616734489918
dia183_utt6.wav,neutral,neutral,True,0.002442780724613063,0.0002468421470990066,0.0003951957744309039,0.0035296625371321637,0.9877671251337198,0.003764516946833486,0.001853876736171637
dia183_utt8.wav,neutral,neutral,True,0.0010106377280616108,0.0012251081061879692,0.0017654813102673638,0.002907216390344764,0.9862476443435187,0.006038739115978845,0.0008051730056408465
dia185_utt3.wav,joy,joy,True,0.0009813981525822392,1.337994326230667e-05,4.888052401261857e-05,0.9958212339649372,0.0009729396335709145,0.00020802179424253453,0.0019541459873923827
dia185_utt7.wav,neutral,neutral,True,0.0027787274769545374,0.00026932404818599365,9.509349028606181e-05,0.005967736980081203,0.983921198493534,0.0026468960457408128,0.004321023465217484
dia186_utt3.wav,sadness,sadness,True,0.021255103399655674,0.005870836491206434,0.006829004751967306,0.08560793363044211,0.009151291232448571,0.8652838641001548,0.006001966394125114
dia188_utt0.wav,neutral,neutral,True,0.007392399036593071,0.0034597706981869094,0.0026846624155534094,0.0334936060873343,0.9092317218846473,0.00457845576069863,0.039159384116986544
dia188_utt8.wav,joy,joy,True,0.1165943225154304,0.001488058207087454,0.018206326439092802,0.7601437292695038,0.08614989619316386,0.008636768213291943,0.008780899162429814
dia189_utt0.wav,joy,joy,True,0.014363828907698198,0.0005526687460064134,0.003266026291770813,0.9472664216491635,0.028353330141376778,0.003014701496956529,0.0031830227670276287
dia189_utt4.wav,neutral,neutral,True,0.0006103580373303875,0.0007745336647508219,0.00018587826337352524,0.0013900629269295083,0.9947577821059665,0.0015255508948746692,0.0007558341067744618
dia189_utt5.wav,neutral,neutral,True,0.016384906573296998,0.0006517415592606502,0.0007942114812125551,0.0011300082846233592,0.977143762414341,0.0002940900700814473,0.003601279617183969
dia189_utt7.wav,surprise,surprise,True,0.00016598905683781024,3.370993085257743e-05,0.00031093247543049525,0.0006939115044730368,0.0013754695959279,0.0002012186031568787,0.9972187688333214
dia198_utt2.wav,anger,anger,True,0.9873502347873775,0.0005258861518847994,0.0010673526120177383,0.0017427985106873167,0.004046581080814014,0.0003809772632428541,0.0048861695939757584
dia198_utt6.wav,joy,joy,True,0.009708482744093569,7.214079393698438e-05,0.0005923329442342936,0.9880538901673906,0.0005195527780008138,0.00016353597939744305,0.0008900645929461675
dia198_utt7.wav,joy,joy,True,0.0019885667352057424,0.00028704498574083886,0.0029155449920481484,0.9878888159409241,0.0017165308636586777,0.0009356508648066862,0.004267845617615856
dia198_utt8.wav,anger,anger,True,0.9887563120226625,8.867251395802172e-05,0.0009224246434455448,0.0024578189863473055,0.0053188926024071385,0.0008153605239444111,0.001640518707235313
dia1_utt0.wav,neutral,neutral,True,0.00400871226088087,0.002804313505775081,0.003838278850791302,0.26492291450146593,0.5005971425698382,0.21386716468806868,0.00996147362317987
dia1_utt4.wav,joy,joy,True,0.0019461006461619693,0.00027336959430742134,0.0010340338549792015,0.9773347827557343,0.015311554142764675,0.0005938860210196265,0.0035062729850329787
dia201_utt0.wav,neutral,neutral,True,0.005781135568430661,0.0004650585056155365,0.0007144702576536927,0.005551471150343736,0.984266421829872,0.0013906675641328665,0.00183077512395157
dia201_utt10.wav,surprise,surprise,True,0.0025876044837866356,6.544681495352042e-05,0.00026309526990024145,0.00252502057319249,0.0023984416921346502,0.0007372630219666396,0.9914231281440657
dia201_utt2.wav,joy,joy,True,0.0008808498877172083,0.0005391636685403901,0.0007773564559351658,0.9896323688084189,0.00437830158257775,0.002294374018257074,0.001497585578553534
dia201_utt3.wav,joy,neutral,False,0.009642053341983108,0.0010977368696073436,0.005335825116223417,0.6153190389661195,0.1034767903221463,0.23155266393728996,0.03357589144663055
dia201_utt6.wav,joy,neutral,False,0.17023282146977825,0.012343644441635663,0.1554596485458402,0.30924485540781343,0.09132044001065465,0.2408946336115909,0.020503956512686907
dia201_utt8.wav,anger,anger,True,0.98296908198311,0.0002746152533744173,0.0007535089758261678,0.004122877173618456,0.005502603941103888,0.0031164866171605908,0.003260826055806459
dia202_utt0.wav,neutral,neutral,True,0.0010002685791066905,0.0001754232236401784,0.0017542152699055321,0.007468712155045516,0.976571529769248,0.00958340905490806,0.003446441948146098
dia202_utt2.wav,joy,joy,True,0.0007535376097024599,0.00026878765131181203,0.0004249613426316668,0.9877618816155154,0.009489729317013798,0.00030324465662132945,0.000997857807203663
dia205_utt1.wav,anger,anger,True,0.9967473998998685,1.7555113109794057e-05,0.00026117128435377147,0.0019925110172771617,0.00045156093822382724,0.00033322154905366346,0.00019658019811309393
dia206_utt0.wav,joy,joy,True,0.004248453742523613,5.262294769737452e-05,5.08866322944605e-05,0.9896851261965667,0.0013492491800421802,0.0013067248908665537,0.0033069364100090514
dia208_utt1.wav,neutral,neutral,True,0.010338877027029918,0.00011632645762542731,0.00036092303312081623,0.0051106242155056604,0.9819603566314025,0.00046560249794359284,0.0016472901373720517
dia208_utt10.wav,neutral,neutral,True,0.05323770185416609,0.0022457309469557855,0.14065163870833972,0.07603436044973055,0.5749396539289768,0.08414272029716643,0.06874819381466447
dia208_utt2.wav,neutral,neutral,True,0.004365984395659584,0.00010730808063247582,0.000760929487733415,0.004234762281952288,0.986647460093298,0.0015073536118972496,0.002376202048827097
dia208_utt4.wav,sadness,sadness,True,0.0008723423528174204,3.0652220201245066e-05,5.6694973043254305e-05,0.002577908777764107,0.0007843715122085669,0.9955205862241847,0.0001574439397807163
dia208_utt6.wav,neutral,neutral,True,0.0013030529245719954,0.0011580164708396362,0.0008421822614577758,0.0019294098040430298,0.9859571567967605,0.0003138666157640806,0.00849631512656295
dia208_utt8.wav,surprise,surprise,True,0.0008315927961092863,8.077451295486173e-05,0.0008571638319901543,0.0009904707789623209,0.002909277013951807,0.00012768043785068965,0.9942030406281809
dia20_utt1.wav,neutral,neutral,True,0.0027986319660573316,0.00010845334767390372,0.0005690389765525658,0.004398394752548209,0.9879681758259548,0.0011713054421128176,0.0029859996891004213
dia20_utt7.wav,neutral,neutral,True,0.005068825450694233,0.00031105102172548547,0.0026754665972074524,0.0036234823382062077,0.984539270409963,0.0013393902682215773,0.002442513913982117
dia211_utt7.wav,neutral,neutral,True,0.207688730064482,0.005485684928770141,0.012083324458046442,0.22484837185676876,0.4596620918654826,0.045400608538343254,0.04483118828810681
dia214_utt2.wav,neutral,neutral,True,0.004010949429982016,0.0005888538463134289,0.00037281729049530875,0.00877367790782295,0.9825209593036963,0.002991070907625751,0.0007416713140640642
dia214_utt3.wav,neutral,neutral,True,0.0005535015683970758,7.87545570811379e-05,0.00023723688280744847,0.0053567223964775075,0.9882417903267149,0.004542330148504415,0.000989664120017567
dia214_utt4.wav,sadness,sadness,True,0.0004848810595145953,1.6425746501383725e-05,0.0005339371849354522,0.0005085340911873984,0.00043226334320210953,0.9967456188142001,0.001278339760458947
dia216_utt3.wav,neutral,neutral,True,0.00688979775143564,0.002146629759332827,0.0005208267957858746,0.016326300391882462,0.9673095123548479,0.003950434151811254,0.002856498794904099
dia227_utt2.wav,neutral,neutral,True,0.21810486576717483,0.0027618510974662482,0.02127864132673304,0.03818727958945884,0.6760126532099888,0.021786864707009503,0.02186784430216879
dia229_utt5.wav,joy,joy,True,0.008575024252844496,0.0002341333056721383,0.0010448586484570338,0.9832449818417315,0.005322091301046762,0.0005468341923740805,0.0010320764578740055
dia229_utt6.wav,neutral,neutral,True,0.0006295684428708489,2.6276780774207048e-05,7.541244724933235e-05,0.0032085889969838246,0.9910391794661491,0.00012757934399741484,0.0048933945219753645
dia229_utt8.wav,neutral,neutral,True,0.029273782165247307,0.034947278665557094,0.010535569866404946,0.3192928392430673,0.5690300990423091,0.013365484370239262,0.02355494664717483
dia230_utt0.wav,neutral,neutral,True,0.003941319870156118,0.00029691067305712,0.00028971585168786743,0.005197656364434797,0.9882039777230387,0.0008157844427554118,0.0012546350748696641
dia231_utt11.wav,disgust,disgust,True,9.146485555465661e-05,0.9978817230931317,1.2901034894746842e-05,0.00046385801807646696,0.0014870651566974047,2.20362456351752e-05,4.095159600984846e-05
dia231_utt9.wav,fear,fear,True,0.0021266309872218754,0.0008370134139982513,0.9918378351169858,0.002157974340099512,0.0010450274871057412,0.001003054304068733,0.000992464350520266
dia237_utt1.wav,anger,neutral,False,0.9205029852115406,0.00014451704387345875,0.003656665722999924,0.011482304314321061,0.04841478391271793,0.010789867288012175,0.005008876506534794
dia240_utt13.wav,neutral,neutral,True,0.011497665745553142,0.003335547406229859,0.0003399914591170216,0.007602330095213219,0.9733782504400824,0.0022346465476461136,0.0016115683061582392
dia240_utt15.wav,sadness,sadness,True,0.0031525182708260946,0.000295604301048096,0.00021989256576320925,0.02524601061517973,0.11582512066847338,0.8504019309153201,0.004858922663389328
dia240_utt4.wav,surprise,surprise,True,0.0004569738798041008,9.619266610249512e-06,0.00015140897512091529,0.006018176702581118,0.0010177289286382207,0.0001908625792170299,0.9921552296680284
dia240_utt7.wav,joy,joy,True,0.0035932302702808136,0.00017539160692612947,0.0003314614954699442,0.9872764150356451,0.007318892513902321,0.0003775377756866698,0.0009270713020891907
dia240_utt9.wav,joy,joy,True,0.0011970911605112,0.00010250798325518279,4.177642010925718e-05,0.9942255561713292,0.0030705766459836388,0.0004439778399846799,0.0009185137788270237
dia241_utt1.wav,joy,joy,True,0.012928429584366739,0.0014984350696796796,0.0017539615928749911,0.9723330135939149,0.002521872922716723,0.004817202136348085,0.004147085100098819
dia241_utt2.wav,joy,joy,True,0.0007705929644119979,0.00015504714911034322,0.0001176726076829173,0.9922238931035794,0.003924729525162624,0.001138544519337497,0.0016695201307152577
dia241_utt7.wav,surprise,surprise,True,0.0024617358173317787,7.070895743807717e-05,0.00011520771704197588,0.0005973788717531836,0.004220319531313912,0.0006085500960806917,0.9919260990090404
dia241_utt9.wav,joy,joy,True,0.0021160584514510537,9.890892797322278e-05,0.0003434333955606734,0.9905893906989972,0.0038338091258678093,0.0005523318892598396,0.002466067510890446
dia246_utt10.wav,neutral,neutral,True,0.005908050168553539,9.347540803669662e-05,0.002070741962212529,0.005184063795160431,0.9797493611619594,0.004250067846627803,0.0027442396574494077
dia246_utt11.wav,neutral,neutral,True,0.0028741146332319457,0.0008710307036830073,0.00021654594621294432,0.0038153342671653732,0.9894402038352574,0.0014257093193494072,0.0013570612951001346
dia250_utt5.wav,surprise,surprise,True,0.0019995592397676247,5.057715358941395e-05,0.00012563797476348543,0.0006951514945432973,0.0010185264817113102,0.0002946440952516182,0.9958159035603733
dia252_utt14.wav,neutral,neutral,True,0.002727685266030562,0.00046491389249218943,0.0005132923996176116,0.0026882760892274296,0.9896419407980922,0.0026434599382260285,0.0013204316163138855
dia252_utt15.wav,neutral,neutral,True,0.006991386123486536,0.0005171105866848258,0.0003494498358903547,0.0026027486994153267,0.9826267537951419,0.0005779277055294888,0.00633462325385146
dia252_utt16.wav,neutral,neutral,True,0.01575234576375371,0.0039254616445388284,0.0018369309973677128,0.05212911547739553,0.9075438222245384,0.003875527052753425,0.014936796839652355
dia252_utt18.wav,neutral,neutral,True,0.0013199634442756826,0.0002002523020398087,0.00028913850758803983,0.004373098455556286,0.9831915771268954,0.003935543691846828,0.0066904264717978475
dia254_utt15.wav,anger,anger,True,0.9915325805031798,1.729821269122335e-05,4.1206307202475885e-05,0.005778232325352522,0.0018186230311287154,0.0006135361712351949,0.00019852344921025448
dia254_utt6.wav,anger,anger,True,0.9976876438899164,1.0753554807805744e-05,7.1223142702598e-05,0.00041999087924393945,0.0014215264066673122,0.00016291331311637207,0.00022594881354566664
dia254_utt8.wav,neutral,neutral,True,0.004359088142687408,0.00021010187214511765,0.0009753742547296217,0.008985302455369064,0.9767903563031274,0.0035492369049226606,0.005130540067018475
dia257_utt0.wav,neutral,neutral,True,0.0020214197179951625,0.000157332932693527,0.0005199287286613509,0.005797082443768968,0.9863794991272881,0.002689719822064984,0.002435017227527915
dia257_utt2.wav,neutral,neutral,True,0.00047376640549464186,1.4026319291769796e-05,0.00016769778782529506,0.0016523394491009473,0.9937960794386366,0.00245487721454098,0.0014412133851097182
dia258_utt1.wav,neutral,neutral,True,0.00028784151021430743,0.0001614136176239168,0.0008478637694405591,0.0021475183918053266,0.9926698889257075,0.00030290956356288253,0.003582564221645417
dia258_utt11.wav,joy,joy,True,0.0036729591808241755,0.0010067149616045034,0.002554289911955224,0.9830468919345496,0.0031288022647346075,0.0036229458595479517,0.0029673958867838216
dia258_utt3.wav,neutral,neutral,True,0.0821353190085082,0.027842478383324498,0.0035383408941287156,0.30410507131948195,0.367619641341714,0.1406423399034714,0.07411680914937128
dia258_utt4.wav,neutral,neutral,True,0.2871718986001224,0.004191266408722388,0.009546294656449784,0.09130647291605441,0.45990082490808887,0.11027581850192258,0.037607424008639576
dia258_utt7.wav,neutral,neutral,True,0.07056676557799993,0.0006647331326546679,0.0010169570671124996,0.010583789393431981,0.8750190109679322,0.02263993062537784,0.01950881323549076
dia260_utt3.wav,joy,joy,True,0.006399457072414167,0.0003171066261039331,0.00042097730160326255,0.9713412415645168,0.01682563125371223,0.0006821466953468693,0.004013439486302562
dia260_utt5.wav,neutral,neutral,True,0.008029108643927642,0.0012710647573120361,0.0006381014034120448,0.014336159386037306,0.9671557481952828,0.0065979347566437465,0.0019718828573844502
dia260_utt7.wav,neutral,neutral,True,0.19202704821172703,0.004285881875681157,0.006332718113267492,0.22605018488743178,0.4443612423236953,0.010581555747286416,0.11636136884091078
dia261_utt0.wav,surprise,surprise,True,0.0019782061875112,5.117508234580118e-05,0.00020721656968027317,0.002589368271007782,0.0027185563633454063,0.00020284967525677214,0.9922526278508529
dia261_utt6.wav,neutral,neutral,True,0.029274902865499105,0.004325442962778758,0.004561457724167969,0.15089391364789445,0.6776313564906522,0.1028562815455147,0.030456644763492767
dia261_utt8.wav,neutral,neutral,True,0.0062888754552147845,0.00017295536928400897,0.00024421551216052216,0.002425168215759703,0.9872828974360156,0.0009698188308890567,0.0026160691806766077
dia263_utt1.wav,neutral,neutral,True,0.0020619782983436682,0.0020275127920163062,0.0013595970837263448,0.012340895510453285,0.9784080810588298,0.0012917209920469829,0.0025102142645839006
dia263_utt6.wav,joy,joy,True,0.0044334785446112765,3.563176555509362e-05,0.0008882024621640229,0.9887727105869137,0.0011994413267020529,0.00389097006977159,0.0007795652442823646
dia264_utt0.wav,anger,anger,True,0.9841872067513563,0.0008239855686018823,0.00021397040578232182,0.006031939251916578,0.006811645762801044,0.0003991709530136767,0.0015320813065280816
dia264_utt2.wav,surprise,surprise,True,0.0013763705257214484,5.568364185123722e-05,0.00016273484798329067,0.0023697922774348033,0.0028827544215536734,0.0001789497080697759,0.9929737145773857
dia267_utt10.wav,neutral,neutral,True,0.02301448223121005,0.0135100674361634,0.0023794471989987583,0.18747584441945672,0.6384724351128486,0.009351341558946376,0.12579638204237598
dia267_utt3.wav,sadness,sadness,True,0.0004006227465146466,8.829780229105179e-06,4.248171535171151e-05,0.0018472402145092292,0.0009835074359499404,0.9965653253639397,0.00015199274350573082
dia267_utt5.wav,surprise,surprise,True,0.00024240895915558064,1.1398684083351785e-05,0.00026706733124852965,0.0009507247614421824,0.00311738421131679,5.9232032091676394e-05,0.9953517840206619
dia267_utt8.wav,sadness,sadness,True,0.0007892218688706935,2.945382432476965e-05,1.2792875789303787e-05,0.0009905035113307505,0.0024052005997233245,0.9952458817755913,0.0005269455443698542
dia271_utt2.wav,neutral,neutral,True,0.03728159597198544,0.0029808403210783113,0.010000052129064168,0.3034518660114702,0.5745985160219069,0.055824774913568895,0.015862354630926064
dia274_utt2.wav,anger,anger,True,0.9760527403886411,0.0005102971685028444,0.000872604099762355,0.006811452765976091,0.01141966979907089,0.0016998992731146574,0.002633336504931937
dia275_utt1.wav,neutral,neutral,True,0.012945126990192167,0.052424442031238784,0.009697825629587499,0.055282604666279,0.7239082613931085,0.002250203045479523,0.1434915362441148
dia28_utt16.wav,neutral,neutral,True,0.0033728154476698456,0.0014450603915118667,0.001605327989452908,0.011019672838889735,0.9684898271237361,0.0018654646800293562,0.01220183152871023
dia37_utt1.wav,surprise,neutral,False,0.008691974558232417,0.0012800989673629837,0.013162787033128358,0.07388746133597324,0.3811569925180877,0.020030368737320964,0.5017903168498944
dia38_utt1.wav,joy,joy,True,0.0033291296887357578,0.00016939227843519667,0.00028431790806290945,0.9811833460491314,0.013215025460239014,0.00020147716050413354,0.0016173114548914758
dia38_utt3.wav,joy,joy,True,0.0006913789988954943,0.00026333157165150695,0.00023581042781461786,0.9887801118618902,0.007617508004428058,0.001448851266198445,0.0009630078691217876
dia43_utt1.wav,neutral,neutral,True,0.004507721755151864,0.0005995307728399059,0.0014553673867291487,0.08460184392707863,0.6863435457157242,0.004923197107658872,0.2175687933348173
dia47_utt0.wav,sadness,sadness,True,0.0005276948516500292,0.00030697976323766136,0.00013758157714937688,0.00099578293466703,0.00103147646250851,0.9964616866669022,0.0005387977438851192
dia47_utt10.wav,neutral,neutral,True,0.04301877807045775,0.0022998774733678203,0.007718491163973043,0.3239941732798555,0.585657754024361,0.01109726057751997,0.026213665410464892
dia47_utt6.wav,sadness,sadness,True,0.0005268686768635554,8.15624932455951e-05,1.728711385512564e-05,0.000528471787026305,0.0006675088160189424,0.9976082012110286,0.0005700999019619061
dia49_utt2.wav,surprise,neutral,False,0.03469764095629335,0.023925327117558237,0.05369139221493069,0.1946048571335187,0.3008584597257282,0.016458158517386693,0.3757641643345842
dia49_utt6.wav,neutral,neutral,True,0.004047212322206073,0.00058643002882934,0.0005713965407212772,0.013536230173306815,0.9724980617419432,0.0044692091254737295,0.00429146006751963
dia4_utt5.wav,fear,fear,True,6.141570642988352e-05,3.741794727628663e-06,0.999634931024357,0.00013265669401805262,4.025552329597748e-05,5.69998114394025e-05,6.999944573199758e-05
dia4_utt8.wav,neutral,neutral,True,0.005715036119666929,0.0012949216216193047,0.0004980660736884934,0.007581176935519465,0.9664294996179642,0.004466091421062126,0.014015208210479599
dia51_utt2.wav,neutral,neutral,True,0.0078019031273714075,0.06616555796974674,0.001604166883501053,0.0275114511522897,0.8589757282986321,0.004911080732307893,0.033030111836150955
dia52_utt7.wav,surprise,surprise,True,0.001273756884001721,0.00017502519371553947,9.546446258779403e-05,0.0018641099314471337,0.011975857461026355,0.0002672435185520342,0.9843485425486694
dia52_utt9.wav,neutral,neutral,True,0.005848597798276967,5.662328723338675e-05,0.00010302747496134211,0.007575422823598307,0.9825774745277669,0.0012699065328592885,0.0025689475553040014
dia5_utt8.wav,neutral,neutral,True,0.0023472583704048896,0.0010796254874962427,0.0004917315004897212,0.014245614658302149,0.9783052495526399,0.0002899184957927035,0.00324060193487433
dia64_utt10.wav,neutral,neutral,True,0.0003344745944693919,0.0007052872017210541,0.00043475415994417263,0.008895754455480707,0.9884102404797804,0.000499859597581821,0.0007196295110224624
dia64_utt11.wav,neutral,neutral,True,0.004734509383871015,0.00022013578279345304,0.0007576186878319714,0.005775352023982414,0.981662722952195,0.003410586584914906,0.0034390745844109895
dia64_utt12.wav,sadness,sadness,True,0.000484447027167119,0.00024150064207922398,0.00012729551259493637,0.001253971038151136,0.000695237510136728,0.99653839323607,0.0006591550338008121
dia64_utt14.wav,surprise,surprise,True,0.0009151218145387406,0.00012470156397669058,0.0002810693167268974,0.004360936618495374,0.0016417008089416887,0.0005930476453068229,0.9920834222320137
dia64_utt16.wav,neutral,neutral,True,0.003371719773601002,0.002173407690754465,0.0009633247939945264,0.0164970968073052,0.9715950556878826,0.0005706734776089528,0.0048287217688533345
dia65_utt10.wav,surprise,surprise,True,0.002766286670635633,0.0009415340987318796,0.0007713998999273513,0.003673210636687211,0.004060406327646948,0.00030231120298850484,0.9874848511633825
dia65_utt3.wav,disgust,disgust,True,6.367280463953512e-05,0.9995927145116612,7.559329765307422e-06,0.00020074932319106257,6.662168800173025e-05,2.1383529087723915e-05,4.7298813653677054e-05
dia68_utt1.wav,anger,anger,True,0.994038136910132,0.00034835484330682855,0.00011574924025377936,0.0010693141859688452,0.003297120474046379,0.0006593366429540733,0.00047198770333786364
dia68_utt10.wav,neutral,neutral,True,0.01862804681100202,0.0027975783508162365,0.006723429320641544,0.05388972818226811,0.6481275549970577,0.07730841920466257,0.1925252431335518
dia68_utt12.wav,joy,joy,True,0.001623725002183441,0.0010949300986911176,0.0022673346146082087,0.9826644170596234,0.006212147523329887,0.0017475893359420556,0.004389856365621862
dia68_utt14.wav,neutral,neutral,True,0.001197793813861256,0.0018556723199667574,0.00011421620255284316,0.002268332800151276,0.9919092340586181,0.0010264902618269704,0.001628260543022951
dia68_utt2.wav,neutral,neutral,True,0.010498168154886937,0.01236634731242101,0.0012989311831996997,0.2711211126296547,0.4728287906767498,0.02462512394208869,0.20726152610099918
dia68_utt4.wav,neutral,neutral,True,0.04738362012096922,0.015998853015038655,0.002240979377981777,0.05126362422501525,0.7851270987934962,0.009511461617707275,0.08847436284979157
dia68_utt6.wav,neutral,neutral,True,0.010750899660678366,0.0003623538690824402,0.0013837132356597688,0.024531716807112497,0.9498539807457139,0.0042312911096300445,0.008886044572123167
dia68_utt8.wav,anger,neutral,False,0.4817941625671871,0.0036666000682174633,0.0032929935030151713,0.02612824338944422,0.08661719537651187,0.3560838500820665,0.04241695501355776
dia6_utt0.wav,surprise,neutral,False,0.012670805943334898,0.005450266297499824,0.017771949263897222,0.29591656413401785,0.12486740744805035,0.05751039118415765,0.4858126157290421
dia70_utt0.wav,neutral,neutral,True,0.0007850224673541001,0.0007031266290828084,0.000586606651299132,0.0023552925158557797,0.9939330728506737,0.00013022407501251637,0.0015066548107221195
dia70_utt10.wav,disgust,disgust,True,0.01332562943734262,0.9350731364968882,0.0006975599978796658,0.035430149875197485,0.008536063429960692,0.0017723740347683795,0.005165086727963109
