FILENAME,PREDICT_LABEL,TRUE_LABEL,MATCHING,ANGER_POSSIBILITY,DISGUST_POSSIBILITY,FEAR_POSSIBILITY,JOY_POSSIBILITY,NEUTRAL_POSSIBILITY,SADNESS_POSSIBILITY,SURPRISE_POSSIBILITY
dia103_utt3.wav,surprise,surprise,True,0.000400591296459105,0.0014532653684484365,3.5669904279364e-05,0.0036962769821469337,1.7813076221851852e-05,0.0002700412121233611,0.994126342160321
dia103_utt5.wav,surprise,surprise,True,1.519346118886263e-06,0.00010145171413816007,4.694862887287376e-07,2.953680686393464e-06,0.0014651975986321086,0.00033856627340153155,0.9980898419007344
dia104_utt0.wav,joy,joy,True,0.0023420649079216,0.00042319275525450387,1.6939201260350225e-05,0.45366111802936226,0.4165562530192529,0.011862429218582372,0.11513800286836606
dia104_utt2.wav,neutral,neutral,True,0.0008827988349825211,0.00010492776722378416,0.00017028074284371157,0.0015393179526827254,0.994487054455969,9.673087112334223e-06,0.0028059471591859874
dia106_utt0.wav,anger,anger,True,0.9993060796281658,7.18237122578295e-08,5.5132043200210614e-08,7.070862517691969e-06,0.0005755599208789194,3.1420441149215463e-07,0.00011084842827072626
dia109_utt1.wav,joy,joy,True,0.0022213961399095224,6.3405280268356805e-06,0.000308904782934286,0.995386671896657,0.0001703667503143791,8.245946838338451e-06,0.0018980739553195805
dia109_utt6.wav,joy,neutral,False,0.0013373575313912647,0.02956131925216605,0.0051504104167212515,0.9407596871908698,0.007232724737860079,0.0027786942520151583,0.013179806618976362
dia10_utt0.wav,anger,anger,True,0.978074367297776,4.390010065755648e-06,0.0010370638137502843,0.006068745927388597,0.009068315038781931,0.0020300627591953073,0.003717055153041979
dia10_utt1.wav,neutral,neutral,True,0.0015425022802560361,2.346967311186412e-07,3.060663027699301e-06,0.0017211449758282123,0.9902492066412212,1.3196766867095647e-05,0.00647065397606873
dia10_utt2.wav,neutral,neutral,True,2.3246203743019788e-05,1.851526074300724e-05,1.594494818517235e-08,0.00015412105350627174,0.9920804898903423,0.007705951330946133,1.7660315771191642e-05
dia110_utt0.wav,surprise,surprise,True,0.003916032794346399,4.026076917155996e-05,0.0015685564467356782,0.0028496861665189893,9.061706304393762e-07,0.000506493647844748,0.9911180640047521
dia111_utt12.wav,sadness,neutral,False,5.761238729098009e-06,4.318465474568218e-05,0.23182237711276088,0.11220278733097633,0.14184099884711399,0.38101679820274753,0.13306809261292646
dia111_utt14.wav,neutral,neutral,True,0.00010169273943142568,1.1982219464029255e-05,0.0005440649193555405,0.0056472386747077824,0.9824433666588017,0.0003245043558060223,0.010927150432433478
dia113_utt2.wav,joy,joy,True,4.21967827731163e-05,9.84058853151457e-08,2.7317679260069124e-05,0.9982894998964793,0.0006861219463278759,3.4634816221846964e-06,0.0009513018076522336
dia113_utt7.wav,anger,anger,True,0.9984718076604728,7.939516598653291e-11,6.916694968224528e-09,0.0014539254316601308,1.897154465096107e-07,7.793864543440934e-07,7.329080987621302e-05
dia114_utt1.wav,neutral,neutral,True,2.7298005128002856e-05,0.003031637459724657,4.1600860534747896e-07,0.0009729289747869159,0.9954275738025062,0.00028123646460978313,0.0002589092846390649
dia114_utt5.wav,joy,joy,True,0.0024118541697709154,4.6848375669001436e-07,2.216375153975202e-05,0.9949501926633242,5.342193487401504e-07,0.00016710983320215641,0.0024476768790573995
dia116_utt1.wav,neutral,neutral,True,0.0008250506357642992,9.731365907682777e-07,3.6341284361274754e-07,0.0070503732108587345,0.9884497476624096,0.00011987590483962022,0.0035536160366932785
dia116_utt5.wav,sadness,sadness,True,0.0009083671581660782,0.011583275641357067,0.017548066134941476,0.00044856201069769913,3.000326136789805e-06,0.9623933761626506,0.0071153525660500655
dia121_utt1.wav,joy,joy,True,7.097498866741693e-05,1.6401888643787426e-07,0.003487683040341859,0.9927553229630562,0.0021926290854777926,0.0014398820422902427,5.33438612799028e-05
dia121_utt3.wav,neutral,neutral,True,0.008399982485215913,0.00015645201224509257,0.00033402058756271905,0.0009677925555122449,0.9829890384589471,0.007150313330143109,2.4005703737825593e-06
dia121_utt5.wav,joy,joy,True,5.651399042853052e-08,1.6791336389719093e-06,6.394089169861259e-07,0.9972632230682703,0.001283538382357833,0.001419665988772251,3.11975040533398e-05
dia125_utt11.wav,joy,joy,True,0.007461199531491767,6.552425071179552e-07,5.9753688337926e-06,0.9900070734755675,0.002132732736315057,0.00018562583381514751,0.00020673781146971211
dia125_utt12.wav,neutral,neutral,True,0.3046873230076006,0.0004812638964037067,0.0014536553700056757,0.0025609825368814293,0.5053082077488057,0.1781501883380375,0.0073583791022655935
dia125_utt14.wav,surprise,surprise,True,0.004702187048409992,1.3685523986955046e-05,0.00039019674325546346,0.00039500421600193055,0.008267573372218664,1.2339487435855383e-06,0.9862301191473833
dia125_utt17.wav,surprise,surprise,True,8.256423638855834e-06,1.1092414182124914e-06,6.289340151589085e-09,0.005995788681995731,0.009736331196516975,8.5339372355227e-08,0.9842584228277178
dia125_utt18.wav,anger,anger,True,0.998558823001175,7.448054212195995e-11,6.4273785397427356e-09,0.001362098979677645,1.5510271544235915e-07,1.6683928314324656e-07,7.874957528949333e-05
dia125_utt19.wav,anger,anger,True,0.9828546926047955,8.117960878222137e-08,2.1781934284187274e-05,1.871695003585412e-05,0.01630511955232519,0.00016021374861304328,0.0006393940303374518
dia125_utt22.wav,surprise,surprise,True,0.051131809155137216,0.043724967903243685,1.935215723985298e-05,0.00920241708314692,0.0022397036245189795,0.1845982062283476,0.7090835438483658
dia125_utt4.wav,neutral,neutral,True,0.13289415372320937,0.012317012552413398,1.1403019024283454e-06,0.006950015112108558,0.5552494084743967,9.191374348106132e-06,0.29257907846162134
dia125_utt7.wav,surprise,surprise,True,0.000495750804855992,0.0005282321986866511,0.03886407995324333,0.10007358688892942,0.22271965477463773,0.005755340893172548,0.6315633544864743
dia125_utt8.wav,anger,neutral,False,0.3464055630986694,0.002180477943607327,0.05195882298775156,0.270758718208564,0.0376017684464348,0.27435612117406516,0.016738528140907753
dia125_utt9.wav,neutral,neutral,True,2.209563775316682e-06,3.0897260572845936e-09,0.0001096157282679607,0.006573074458529494,0.9921161466868106,6.852836481371315e-05,0.001130422108076917
dia129_utt4.wav,surprise,neutral,False,0.0037254167288957047,8.270698979928915e-05,0.0011260023859201332,0.01701961141268902,0.07069343811007231,0.003608739371094039,0.9037440850015295
dia131_utt7.wav,neutral,neutral,True,6.063839069479594e-09,1.2608159739655438e-07,0.0021328314336904433,0.0041839755244767315,0.9923152953989802,2.0723586800227127e-05,0.0013470419106157514
dia132_utt13.wav,neutral,neutral,True,1.8071679915295337e-06,0.00047434201122211476,6.894885937181406e-09,1.7007415979125272e-05,0.9990500622600602,4.859390182990926e-10,0.0004567737639218796
dia132_utt14.wav,neutral,neutral,True,0.000260516590139193,0.004472112632877327,1.1077539286250366e-09,2.4888217577353832e-06,0.994881839093994,0.0003645740640589635,1.8467689418892642e-05
dia132_utt18.wav,neutral,neutral,True,0.00010095155683606466,0.004093698349361126,0.0001026360234119249,0.001498281720286792,0.9938062913485743,7.898779523263684e-05,0.00031915320629717864
dia132_utt6.wav,neutral,neutral,True,0.011229940569946372,0.13930134707425137,0.00022738012785765617,0.0013830996091013224,0.8041873761846636,0.043642439721237804,2.8416712941793042e-05
dia132_utt8.wav,neutral,neutral,True,0.006287799763856303,0.0002154455362136652,3.564530159397906e-05,0.0010481615779902966,0.9864901674461609,7.488673736959102e-05,0.005847893636815128
dia137_utt10.wav,surprise,surprise,True,1.2686219930084344e-06,9.190400491927059e-11,5.625092357514977e-09,0.0027574221702182196,3.1291172515837444e-06,1.0372333022609537e-07,0.9972380706502106
dia137_utt12.wav,surprise,surprise,True,0.0010307794110821307,0.002789656512242065,7.863183164539675e-05,0.0008794825004871323,1.344807372829808e-06,0.0005706152595297376,0.9946494896776408
dia137_utt13.wav,anger,anger,True,0.9949695246813915,0.0004668177210937725,4.0756539527180115e-05,0.0010803252064391766,0.0004698199745964762,0.0026805070988472597,0.0002922487781043255
dia137_utt14.wav,anger,anger,True,0.9965724152793674,2.0225395559327923e-09,1.5468456380599093e-06,0.0010020276466997365,4.08281314987048e-07,2.711165887558754e-09,0.002423597213274405
dia140_utt0.wav,anger,anger,True,0.9922262222015467,1.1865401751727512e-06,0.001994814512164224,0.00030036453570937824,0.0029537217915300575,0.0016306103632756513,0.0008930800555991822
dia140_utt11.wav,anger,anger,True,0.999759912811534,2.503665240988566e-07,3.799888945153564e-07,1.1111716200216506e-06,0.00023817324506494,2.879349926958679e-09,1.6953701260645212e-07
dia140_utt13.wav,sadness,sadness,True,3.1360367310327193e-06,0.0030883336215396183,0.0001696194116068337,0.00021976333347468752,9.467977016146434e-08,0.9965189744843614,7.84325163261216e-08
dia140_utt8.wav,sadness,sadness,True,0.0002142269818704747,8.13154624790609e-08,1.6447580382268244e-07,0.0007810069208950856,7.797834410431848e-07,0.9988398192741633,0.00016392124836378327
dia140_utt9.wav,joy,joy,True,2.07805213688952e-05,0.0008697268556085361,1.1600830532388268e-07,0.9974069741654567,0.0011193319719927056,1.912326773997995e-06,0.0005811581504939314
dia147_utt10.wav,joy,joy,True,5.684594884644766e-06,0.0017820296279572503,7.095909835378697e-07,0.9969246971885534,0.0008837125807720149,8.125354757012952e-07,0.00040235388137349024
dia147_utt2.wav,sadness,sadness,True,0.00014213918834379697,0.00018370841002548664,0.00259222150888704,0.0028540661909686057,3.146312847711415e-05,0.9941932413111961,3.1602621020361704e-06
dia14_utt1.wav,joy,joy,True,1.1813064549496675e-05,2.5557275753251772e-05,1.1355476581782904e-05,0.9943795202456072,0.004947843620878488,5.84959831967486e-05,0.0005654143334330013
dia14_utt4.wav,neutral,neutral,True,0.00013391655855156233,2.5492058693039032e-06,0.0007048846364674837,0.000601607193101801,0.998455549397634,9.609902904203341e-06,9.188310547164749e-05
dia14_utt5.wav,neutral,neutral,True,6.747942726245957e-05,0.0007659902938882824,3.663866589758391e-07,0.00540057198613763,0.9923388644652555,9.529697585143084e-06,0.0014171977432119749
dia153_utt2.wav,neutral,neutral,True,0.0018060730976681713,1.3163534112036928e-05,0.00185342029573462,0.0010407659510666418,0.9906153005568137,0.001201948921104831,0.0034693276435000054
dia153_utt3.wav,neutral,neutral,True,4.835475048206118e-05,4.900793355897878e-05,4.916409392076614e-05,0.0011495344514067295,0.8984371613861328,0.007963782374705729,0.09230299500979287
dia153_utt4.wav,fear,fear,True,1.1983135865161363e-10,1.1130040375763972e-11,0.9994876219794687,8.80886236736567e-05,2.763400469867104e-08,0.0003449219360676229,7.933969582372586e-05
dia153_utt7.wav,neutral,neutral,True,0.29579744329916,0.004356495494475341,8.611751757035645e-05,0.09554691047530323,0.6028550090779876,0.0009619206390992974,0.0003961034964041002
dia154_utt4.wav,surprise,neutral,False,0.0003503459750285562,0.003452088003527941,0.08916567627781927,0.0006982552465964087,0.09709921222144917,0.021982195505395548,0.7872522267701831
dia157_utt0.wav,fear,neutral,False,0.0002332288061881214,1.079315864168217e-05,0.890634780809819,0.00014244947652947685,0.0007278569256051996,0.10824688907316789,4.001750048387015e-06
dia157_utt1.wav,neutral,neutral,True,3.2689185169443694e-05,0.000330612586559319,9.679866764949216e-06,0.001539696395129582,0.9978711704926372,6.685468784910948e-07,0.00021548292686099905
dia157_utt3.wav,neutral,neutral,True,0.0029743030875292796,0.0013578374421705725,1.5890199955058084e-07,1.0113257349535358e-05,0.98940081302392,7.854448015253197e-06,0.006248919839015845
dia157_utt7.wav,joy,neutral,False,3.822601610660492e-06,0.0009205850460547943,4.2857797200344346e-05,0.6208631395226857,0.281053778738117,0.006498431067355804,0.09061738522697582
dia15_utt5.wav,anger,anger,True,0.9945220950141378,3.403681438772711e-05,1.4000513610004002e-06,0.004793936047366557,0.0006282503064781123,1.9993950804934714e-05,2.878154638842383e-07
dia160_utt9.wav,anger,anger,True,0.9860076841247484,3.428344067606749e-05,0.0004424708661626085,0.008426642692241405,0.0011203710087346254,0.0038525185827990725,0.0001160292846377081
dia164_utt4.wav,neutral,neutral,True,6.055678509779417e-05,0.1153717344603845,2.5551011058442797e-05,0.15755058499587687,0.7267490012884079,0.00023367967156545807,8.891787608822018e-06
dia166_utt1.wav,anger,anger,True,0.9952529271723404,9.724943566712009e-05,1.7831088328633015e-05,0.003525894995790119,2.0660782926747605e-06,7.765777008429758e-06,0.0010962654525727194
dia166_utt10.wav,neutral,neutral,True,0.17786162504023412,0.017529526614497328,0.19615246184243593,0.0737912898441251,0.3578468519426523,0.17613901457601594,0.0006792301400391484
dia166_utt11.wav,neutral,neutral,True,0.000384423359402146,4.579265532595466e-06,1.972643809005396e-05,4.74656427084055e-05,0.9983199875620132,0.001081225485830745,0.0001425922464227598
dia166_utt12.wav,neutral,neutral,True,7.266501176754562e-05,5.778549386870803e-07,4.3752979381783955e-05,0.00044790982331549545,0.9993261667280574,1.764319672850317e-08,0.00010890995934229167
dia166_utt13.wav,neutral,neutral,True,7.700629750342652e-06,0.00757036692856836,1.109555329583214e-05,0.3188222314779873,0.3939987226292078,1.419706250258614e-06,0.2795884630749401
dia166_utt3.wav,anger,anger,True,0.9978363601406852,0.0014590055146072338,3.322631235166178e-05,0.0005370002538890853,2.1470104673132567e-07,0.00013205544603482603,2.1376313854788607e-06
dia166_utt5.wav,sadness,sadness,True,7.377461424692645e-05,1.7651847373931095e-06,8.88132469709834e-06,0.0063087927944989065,0.0005056188709856423,0.9930706967745853,3.0470436248713106e-05
dia166_utt9.wav,neutral,neutral,True,0.017033282244402974,1.7848768808994844e-06,2.2327390771939432e-07,0.002405983469728674,0.9297253152106852,0.030357623412451955,0.02047578751194235
dia168_utt0.wav,neutral,neutral,True,0.003972714440992484,0.007998479969922107,1.3692384397297474e-06,6.960317699693815e-05,0.9878930866524073,4.129987828416516e-06,6.061653341285113e-05
dia168_utt11.wav,anger,anger,True,0.9932421495602813,0.0017051804168903518,4.111443854275286e-05,0.004810947192775901,0.00017690432127592568,1.4365256891320816e-05,9.338813342032685e-06
dia168_utt2.wav,neutral,neutral,True,1.777013594000551e-05,5.476418806818998e-07,7.649042658304092e-10,0.009676129088173351,0.9902288832925221,1.19430939717012e-07,7.654964563976268e-05
dia169_utt14.wav,neutral,neutral,True,0.0002339721380888964,3.5673660925110616e-05,4.666597977378297e-08,0.00043271209961450076,0.9992118743620482,8.571862294689866e-05,2.4503964379568267e-09
dia169_utt18.wav,disgust,disgust,True,4.357345833991109e-06,0.9986383444118395,2.0630101475909278e-07,0.0003901105356564928,0.0009591436765962502,4.454006000294254e-06,3.3837230584931492e-06
dia169_utt20.wav,neutral,neutral,True,0.0007056049714410892,4.6598116437801984e-08,7.096930085072695e-06,0.0004681913119591162,0.9938378451582351,0.002979847106514941,0.0020013679236481827
dia169_utt5.wav,surprise,surprise,True,0.0004463090391032357,3.9454321434789585e-12,1.4380150635220826e-09,0.002071259772242002,3.232367317123352e-07,1.0390230687433112e-06,0.9974810674868938
dia169_utt8.wav,surprise,surprise,True,1.594440391270316e-10,3.763884362334029e-10,0.0017331391274331223,9.983416244179255e-05,0.00037270863254847147,2.6942326055023414e-07,0.9977940481184836
dia16_utt1.wav,neutral,neutral,True,3.724710859438361e-06,3.6582989275042703e-06,0.0024136232533397604,0.0011122210474000778,0.9941837748774666,0.0016110206095752099,0.0006719772024313818
dia16_utt2.wav,surprise,neutral,False,2.5880131597873526e-07,6.771018544771936e-06,0.0007993533251989024,0.009607950372013356,0.11946127362900795,8.48379493244778e-05,0.8700395549045945
dia170_utt0.wav,surprise,surprise,True,6.387300343611497e-09,3.1272281958352774e-08,0.0014852259415884177,3.911701357670625e-05,0.0023226868423692087,5.9572523652957916e-08,0.9961528729703597
dia176_utt0.wav,neutral,neutral,True,0.010570939178012025,0.00036372062166907835,5.611277444325684e-08,0.0018840379074452935,0.9860672000247458,0.00010313935301837728,0.0010109068023351267
dia179_utt1.wav,anger,anger,True,0.9963596711269782,0.0002742266449630402,0.0010103657772378397,4.347341763180514e-06,1.347244172836463e-07,7.890772335853378e-07,0.002350465307407119
dia17_utt2.wav,sadness,neutral,False,1.1716684033539959e-05,5.295853387866801e-05,0.001890518807587521,0.009699329144195587,0.3007929296983637,0.6875263200750436,2.622705689737056e-05
dia181_utt0.wav,neutral,neutral,True,4.2359246128442685e-05,1.2403310688032022e-08,0.0006462726668292838,0.004791800712784194,0.9921304466570644,7.726316946026319e-05,0.0023118451444226985
dia183_utt1.wav,neutral,neutral,True,5.535101483913598e-06,7.703899196531927e-07,8.095793804482702e-06,0.006037214163737081,0.9935402278793074,0.0003553844564127037,5.2772215334848764e-05
dia183_utt4.wav,sadness,neutral,False,0.005123239051713931,0.016834239949008734,1.373769917416907e-07,3.912536055016036e-05,0.16352877276169167,0.81326255927104,0.00121192622900383
dia183_utt5.wav,neutral,neutral,True,4.846870727496437e-05,0.007553669132809989,5.173592028942424e-06,2.9831944360064062e-05,0.9496126774260929,0.0026138574734967486,0.040136321723936295
dia183_utt6.wav,neutral,neutral,True,0.0002831009810605955,0.00032267345645918283,0.0004959811762289372,0.00597911519253012,0.9768095119772826,0.009501838876013888,0.006607778340424895
dia183_utt8.wav,neutral,neutral,True,1.0653134047843024e-06,0.002250117839193852,0.0010726512927932692,0.0016920817881651892,0.9934875529228936,0.00040340420904055847,0.001093126634508962
dia185_utt3.wav,joy,joy,True,8.183019770540448e-05,3.63828718916469e-08,6.113414677372791e-06,0.9945875205045356,0.002623716376490744,5.195572497616575e-07,0.0027002635664690384
dia185_utt7.wav,disgust,neutral,False,0.022523578069698305,0.9509970637319037,0.0002820429139094017,0.001838691931549646,0.01759645359864471,0.005995970923721586,0.0007661988305729567
dia186_utt3.wav,sadness,sadness,True,0.0036865131572437976,0.00018971132336237793,0.009524706761383516,1.7013581648743114e-05,4.6050072870269686e-07,0.874932618572367,0.11164897610326568
dia188_utt0.wav,neutral,neutral,True,5.278885988196759e-06,6.0529487730730616e-06,0.00045520841279494446,0.006874282419218578,0.9923746658653337,0.00021326003546198198,7.125143242932688e-05
dia188_utt8.wav,joy,joy,True,7.754527195899607e-05,8.587264845899468e-05,0.01647932870687696,0.9694409664817114,0.009153617397718762,0.0012113172017681314,0.003551352291506829
dia189_utt0.wav,joy,joy,True,2.3194371905230606e-05,2.7232440628577404e-05,0.0034780105210715415,0.9864447210276415,0.006782421727728331,0.0020022555555130966,0.0012421643555118411
dia189_utt4.wav,neutral,neutral,True,0.0011330995168578946,0.0006665295353170495,6.071505431954292e-09,0.001187560449708425,0.9969438622241569,1.8491926410074544e-06,6.709300981313673e-05
dia189_utt5.wav,neutral,neutral,True,0.005241806352776114,0.0011324658725336157,0.00010264085001568319,2.9059115882126944e-05,0.9934556279884467,2.701113740537191e-05,1.1388682940420707e-05
dia189_utt7.wav,surprise,surprise,True,9.602745445851655e-06,1.4517332370490847e-05,7.068918301427974e-06,0.0003701639248388056,0.0013737041507571428,0.0004492481958983759,0.9977756947323879
dia198_utt2.wav,anger,anger,True,0.9997406486316192,2.6676049445142743e-05,1.7265436595551884e-06,1.807341718372334e-05,2.2531195922191073e-07,2.7936883536599987e-07,0.0002123706772978912
dia198_utt6.wav,joy,joy,True,0.006628002274119215,1.3055964961446512e-05,0.0009250695563037334,0.9923604560981275,1.7927226252860399e-06,7.077998561950688e-05,8.433982433089712e-07
dia198_utt7.wav,joy,joy,True,0.002198504838638116,6.711098435343673e-05,4.8344625738119214e-05,0.9896048708237292,0.00017666634919973818,0.006382907600992146,0.001521594777349281
dia198_utt8.wav,anger,anger,True,0.9979823979450364,1.4702259785198634e-07,2.3334028272956244e-06,0.000795296334263517,0.0010821540836796675,2.9255750675900737e-05,0.00010841546091960547
dia1_utt0.wav,sadness,neutral,False,1.3969392824844823e-05,2.2583614145885606e-05,0.0008890526364503903,0.07065931531029822,0.0002850224004835608,0.9281252806731405,4.775972656448611e-06
dia1_utt4.wav,joy,joy,True,1.3112221329770625e-06,5.314248383478859e-06,5.334822081957512e-06,0.9956591775230509,0.002201869288462239,2.6711891233825514e-06,0.0021243217067648426
dia201_utt0.wav,neutral,neutral,True,0.009398523957041124,0.011323372566302024,3.75477330033502e-05,0.0005843073224729288,0.9776323034247573,0.0006957892350944998,0.00032815576132871356
dia201_utt10.wav,surprise,surprise,True,0.005228141112255545,1.1006471349255599e-07,8.231483886567315e-06,0.0056278462452887795,0.003345831560731566,5.6147072706901334e-05,0.9857336924604172
dia201_utt2.wav,joy,joy,True,0.0003438573275394503,9.590669459889782e-05,0.0004039691997385522,0.9959826529730057,0.00047268779398787703,0.0024357818257102056,0.0002651441854192593
dia201_utt3.wav,neutral,neutral,True,0.0012418294699243278,1.2508109034601324e-07,1.765270843301808e-05,3.7493617160582494e-05,0.9950866960387488,0.0036019444614099126,1.4258623232908303e-05
dia201_utt6.wav,neutral,neutral,True,0.0069814751827674115,6.14846168693621e-05,4.775379651136901e-05,0.007800616055338494,0.9794456628918665,0.005212035543653074,0.0004509719129936034
dia201_utt8.wav,anger,anger,True,0.9910851107281261,0.00026667458172570255,0.003577290593278165,0.0002567863642510617,9.16725740388264e-06,0.0014572732442399666,0.003347697230974886
dia202_utt0.wav,joy,neutral,False,0.0006805472863616137,0.0003541440454089541,7.507987982183701e-05,0.9365328467674562,0.04268654252250902,0.0047116211526681525,0.014959218345774154
dia202_utt2.wav,joy,joy,True,0.0014831989091523897,0.0005340356669723055,4.6425238445811926e-08,0.9951791983799857,0.0026683339464723768,0.00012047903194916328,1.4707640229731059e-05
dia205_utt1.wav,anger,anger,True,0.9896323559286206,1.8854479248233603e-06,3.839108694763928e-06,0.0099591904021217,0.0002868992347504265,0.0001125203305550604,3.309547332765706e-06
dia206_utt0.wav,joy,joy,True,0.011549399705788563,0.0004655813374404575,1.9268967896721358e-05,0.9794955942932664,0.008149316761889985,0.000300827845729586,2.0011087988071594e-05
dia208_utt1.wav,neutral,neutral,True,0.0020850792776746507,1.458229564090854e-07,5.503126265144603e-05,0.001928992317217024,0.9940307527956187,0.0016558689667293914,0.00024412955715244537
dia208_utt10.wav,neutral,neutral,True,0.00024937670673871913,7.831888094544908e-05,7.729484089415258e-06,2.961955734882309e-06,0.9978235936111108,0.0018076753882976017,3.03439730830925e-05
dia208_utt2.wav,neutral,neutral,True,0.0003404645079034487,0.0031696841735107083,2.0718716705737463e-05,0.013916080117361342,0.8461225038531546,0.1355612428027429,0.0008693058286212778
dia208_utt4.wav,sadness,sadness,True,3.368694258561124e-05,2.6687388876739994e-05,0.0010829226045389515,0.0009552629983711057,2.1792948069901088e-08,0.9934948328311057,0.0044065854415738116
dia208_utt6.wav,neutral,neutral,True,7.262707676406863e-07,5.600838292295008e-05,6.626050161316514e-07,0.0022574538636869644,0.9898953435603037,1.734549323699207e-05,0.007772459824065402
dia208_utt8.wav,surprise,surprise,True,0.001503806716930256,3.3000866088807305e-06,0.00047785661901895483,0.0006281943192262435,3.3167389038288316e-06,0.00023347584307641792,0.9971500496762354
dia20_utt1.wav,neutral,neutral,True,6.435842284792793e-05,1.0213972243718537e-05,3.079368462658376e-05,0.0005216071414642147,0.9980875039449855,0.0005493441378997202,0.0007361786959325963
dia20_utt7.wav,neutral,neutral,True,0.0010033190650859478,2.646327908103301e-05,0.00169833237716558,0.0006267842170555641,0.9928960239996808,0.0003667076867750385,0.0033823693751561515
dia211_utt7.wav,joy,neutral,False,5.97928157380972e-05,2.9853830654421664e-05,0.00023294563517874158,0.9382556253162796,0.048767969445226524,0.012649321869161487,4.491087761088227e-06
dia214_utt2.wav,neutral,neutral,True,0.008110627240270523,0.0002700806178109722,0.004183722386971871,0.03886518265067583,0.8803897350421609,0.06814868222554116,3.1969836568690635e-05
dia214_utt3.wav,fear,neutral,False,0.009463928498205003,4.761393891851758e-06,0.41405409697682366,0.00010060482966470788,0.19503731844841216,0.3812537114418494,8.557841115317627e-05
dia214_utt4.wav,sadness,sadness,True,0.00010847308741331465,2.9797812349082665e-05,0.00023904360300457765,0.007555689070768679,0.00044476738724114686,0.9915551436526095,6.708538661352091e-05
dia216_utt3.wav,neutral,neutral,True,0.004787729374632367,0.0015467174304948155,5.263691969089062e-05,0.006163720694121847,0.9865466018176043,3.871491493548919e-05,0.0008638788485201773
dia227_utt2.wav,neutral,neutral,True,0.26584985890935514,0.0014967449603822576,5.417530617834296e-06,0.05220379570475503,0.6748195126580682,0.005115222249065149,0.0005094479877562927
dia229_utt5.wav,joy,joy,True,1.7904142460866332e-05,5.974524405039346e-06,2.209146163609206e-05,0.9941358029909746,0.005048692084487984,0.00010787262649943855,0.0006616621695359666
dia229_utt6.wav,neutral,neutral,True,0.008714175838768106,2.9898194349123537e-06,1.3844694610950353e-06,0.0024854410458318207,0.9873197775467251,0.0014238317719189855,5.239950786004164e-05
dia229_utt8.wav,neutral,neutral,True,0.001669575586459938,0.0005860929530762437,9.164893775256004e-05,0.0006617886917192337,0.9937191201214964,0.002089229873236316,0.0011825438362592343
dia230_utt0.wav,neutral,neutral,True,0.0008078789064219425,0.0014647842257351465,1.6981628633488294e-07,0.00499841106539072,0.9926568669495984,5.1488856331223066e-05,2.040018023623543e-05
dia231_utt11.wav,disgust,disgust,True,2.4112371474200032e-05,0.9986290382554028,5.643685807947247e-07,0.0006358782071846171,0.0006868015550630155,4.343591249066612e-06,1.926165104545571e-05
dia231_utt9.wav,fear,fear,True,0.0003417634594300946,0.00019331011090042245,0.9994039881325555,2.135843007621745e-05,2.5751069973477998e-06,3.902814736874917e-06,3.3101945303498246e-05
dia237_utt1.wav,neutral,neutral,True,0.0009963358043794193,6.9166650419035045e-06,2.8109541707977555e-05,0.00012553020643358098,0.9947347079871764,0.0031118935353516407,0.0009965062599090956
dia240_utt13.wav,neutral,neutral,True,0.223998203555849,5.86912617986681e-05,2.977495879946829e-05,0.02294645868438342,0.630403179080599,0.12239270071827242,0.0001709917402981148
dia240_utt15.wav,sadness,sadness,True,0.013873847401547658,6.995202064065318e-08,1.3776148850002479e-05,0.015229638594798619,4.314546702694933e-06,0.9708779465555961,4.068004842846393e-07
dia240_utt4.wav,surprise,surprise,True,0.016314524204520103,1.6915633467870905e-07,1.4482241532929187e-05,0.009886720883802519,6.0746734998847015e-06,0.00031540878628682616,0.9734626200540231
dia240_utt7.wav,joy,joy,True,0.0010991916000291648,3.015658536903536e-05,5.6161654358821366e-05,0.9960787512784639,0.0027170362525987344,1.6142310342513166e-06,1.708839814636561e-05
dia240_utt9.wav,joy,joy,True,0.006180199024482395,0.00021848980926938226,0.00010957396911834176,0.9846515394416185,0.003970435173262755,0.004647028357451044,0.00022273422479739252
dia241_utt1.wav,joy,joy,True,0.003709521230445687,0.005100368184721032,0.0017624152728771094,0.9828317205709923,4.5197361153787605e-07,0.006524291194666473,7.123157268562544e-05
dia241_utt2.wav,joy,joy,True,2.484435379075824e-06,3.7350289120694826e-06,1.0138310735886499e-06,0.9896432191900534,0.008949044556322517,0.0012010771568044568,0.00019942580145464227
dia241_utt7.wav,surprise,surprise,True,3.858201993886674e-05,9.861153632177173e-06,5.0963143108727776e-05,0.0009546797663834221,0.004281353758941029,0.00025157351317453043,0.9944129866448211
dia241_utt9.wav,joy,joy,True,0.004220550658035427,4.354219578012113e-06,0.0005378222496058728,0.9951376245565007,5.8678150789296515e-06,7.507942250763647e-05,1.8701078693506863e-05
dia246_utt10.wav,surprise,neutral,False,0.016144168545004244,0.00016823559914980811,0.08821768304232828,0.2814823384136929,0.09022602433774117,0.09436835243407012,0.4293931976280134
dia246_utt11.wav,sadness,neutral,False,0.028946008438575244,0.014328643110936474,0.028369960202955225,0.2549512617818671,0.20463778995240184,0.4048513127153598,0.06391502379790436
dia250_utt5.wav,surprise,surprise,True,0.0012539852334845793,9.975712165868714e-05,8.77207672041033e-06,0.0010916672992943165,2.47525176761537e-06,2.8556770659159497e-05,0.9975147862464152
dia252_utt14.wav,neutral,neutral,True,0.007306760305771739,1.9833814780099627e-07,5.560510524067676e-06,2.2227531376320016e-05,0.9888636484575118,0.003725959132387505,7.56457242807299e-05
dia252_utt15.wav,neutral,neutral,True,0.0003274762434427129,8.995005105136689e-05,0.00017332569372116493,3.15450989873986e-05,0.9948927182376409,0.0015063447195210573,0.0029786399556353794
dia252_utt16.wav,neutral,neutral,True,4.942095429679871e-06,4.0258383013917203e-07,0.0049729001046940075,0.04124854014927805,0.9535635880959806,0.0001574449673471667,5.218200344056845e-05
dia252_utt18.wav,neutral,neutral,True,0.002674930595315415,9.055378157181509e-10,2.2898726343684852e-07,0.001123699823567019,0.9954612197420267,1.6585725807944126e-05,0.000723334220481698
dia254_utt15.wav,anger,anger,True,0.9996397672761327,3.381025461456949e-11,5.021418798509012e-06,0.0002848087704909264,6.653069706051024e-05,1.9089573304149625e-07,3.6809079740414145e-06
dia254_utt6.wav,anger,anger,True,0.9989062044075464,3.5272728407255336e-12,4.838473111619925e-07,9.802467244601648e-05,0.0009871773617651446,4.384859426815439e-06,3.7248479771409494e-06
dia254_utt8.wav,neutral,neutral,True,0.00203358490773695,0.000863679784051525,0.00011780420797836413,0.00010955796440543313,0.9967136200345387,4.940942082632832e-05,0.0001123436804628296
dia257_utt0.wav,sadness,neutral,False,0.00021404904084699238,0.00020439341279975754,0.08236765061844802,0.024410520057729833,0.0029033057577184627,0.8893127081187918,0.0005873729936652507
dia257_utt2.wav,neutral,neutral,True,0.06699238026942275,4.233881945141097e-06,0.03208578749704206,0.00471754842766546,0.8758923547773663,0.019880897922392143,0.00042679722416622337
dia258_utt1.wav,neutral,neutral,True,0.00029764669233729236,5.041532163494298e-07,2.2136266400208977e-05,0.008697390322532198,0.9904559134960096,4.893363723501496e-06,0.0005215157057810158
dia258_utt11.wav,joy,joy,True,0.00029903677073414954,0.0008854974281948401,0.001736211991245258,0.9772608927091546,3.2897337231930634e-05,0.018694533665824783,0.0010909300976143731
dia258_utt3.wav,surprise,neutral,False,2.898157055074164e-05,0.0014001372884335566,1.2879613909177075e-05,0.007783036729616704,0.02385387417388892,0.000678747784452406,0.9662423428391486
dia258_utt4.wav,joy,neutral,False,0.022055925600762315,0.000880596268309261,0.0003606702191449894,0.612371670531943,0.340749263370021,0.013399342297872223,0.010182531711947353
dia258_utt7.wav,neutral,neutral,True,0.0419517638159842,0.005528061103514246,0.020378524663894018,0.07412231323569815,0.8372099097015396,0.01712114616966956,0.003688281309700094
dia260_utt3.wav,joy,joy,True,2.1828578981885748e-06,3.0639987765418384e-09,0.00017688302652096014,0.9896447574461876,0.008435191421160034,0.0017188169921355182,2.2165192098956634e-05
dia260_utt5.wav,neutral,neutral,True,0.0006819303881408073,0.0052708460061356285,1.9248666987297705e-07,0.0031520038449202015,0.9891413237417981,0.001745171541733138,8.53199060221999e-06
dia260_utt7.wav,neutral,neutral,True,6.499048559163052e-05,0.0007052973920911808,4.6332250030379406e-05,0.005904622985660366,0.989709461407391,9.907216613574079e-05,0.003470223313099796
dia261_utt0.wav,surprise,surprise,True,0.00047429108442405624,2.8692346309297598e-11,5.9595344860961004e-08,0.001121859623950415,0.0004398534868026033,3.599797665455411e-06,0.9979603363831202
dia261_utt6.wav,disgust,neutral,False,5.436700501524478e-05,0.8073594899704234,1.289204932076564e-07,0.004165874969439601,0.1798058226260815,0.0005024454872450728,0.008111871021302114
dia261_utt8.wav,neutral,neutral,True,0.000243053748942354,1.3689897260357687e-05,3.094678724087892e-07,9.055521772181391e-05,0.9960752654639426,0.002546023939891997,0.001031102264368323
dia263_utt1.wav,neutral,neutral,True,8.921521523224825e-05,4.736257020447277e-06,1.0690414260343507e-08,0.0007730047418641198,0.9893365844000823,0.006843273880982605,0.0029531748144039885
dia263_utt6.wav,joy,joy,True,0.0022159072617928565,2.6140647368076515e-06,0.002063348228157635,0.9891026389629684,0.0034159846846085937,6.492120912836249e-05,0.0031345855886073574
dia264_utt0.wav,anger,anger,True,0.9876005782577679,0.004025692300062351,0.0005709134923274594,0.0008477434430263646,0.006246401209339887,2.7206694984977157e-05,0.0006814646024910564
dia264_utt2.wav,surprise,surprise,True,0.0008462676053646265,6.253120200513088e-10,1.0724427831843995e-07,0.0022481775174878252,0.000464722312152324,3.713984084806496e-06,0.99643701071132
dia267_utt10.wav,joy,neutral,False,1.0364258849402168e-05,0.00018994794757911664,3.479873999396441e-08,0.7274783281486142,0.2566521419734375,1.1646374231266567e-05,0.015657536498548466
dia267_utt3.wav,sadness,sadness,True,3.7252001721186705e-05,9.34206071793667e-05,0.00043966803238393624,0.00013161205866718667,0.0004470921561894081,0.9983480006249006,0.0005029545189581772
dia267_utt5.wav,surprise,surprise,True,2.0023405177143918e-08,3.7975033026818584e-10,2.9022846647484455e-05,8.635035561298681e-05,0.0038794092059228,1.139282005651381e-07,0.9960050832604608
dia267_utt8.wav,sadness,sadness,True,0.0016418063021871826,7.455828252717997e-05,2.019353898889431e-07,0.004052388851942823,0.0005343012720788883,0.9936934510520107,3.2923038633130405e-06
dia271_utt2.wav,joy,neutral,False,5.76264986789155e-06,0.016015402246423668,5.963014117766691e-05,0.6566053802271401,0.3262743390429588,0.0010265840684741427,1.2901623957671266e-05
dia274_utt2.wav,anger,anger,True,0.9953157597366684,0.0013533326226111966,6.410422615789174e-06,0.0015735655762054083,0.00025168708543752793,0.000970372137852012,0.0005288724186099103
dia275_utt1.wav,neutral,neutral,True,0.13936877234270764,0.0066967261196846685,8.828556597066077e-05,0.0008108819278726402,0.7410783632103942,0.00046537648748786294,0.11149159434588238
dia28_utt16.wav,neutral,neutral,True,0.0003958690117157882,0.006599690288469459,5.192590515171461e-05,0.005643214575586744,0.980981878631003,0.0020290788576425856,0.004298342730430554
dia37_utt1.wav,neutral,neutral,True,2.139155665107801e-10,1.5830589406515632e-07,1.2206981752745872e-07,0.0003053780307123832,0.9913712245863175,8.823537695793054e-05,0.008234881416384747
dia38_utt1.wav,joy,joy,True,5.2860711554673525e-05,1.9843702416314234e-05,2.6274257079987173e-06,0.9925531794009633,0.007351780737917511,4.965586100964773e-08,1.9658365579219336e-05
dia38_utt3.wav,joy,joy,True,4.68546272821053e-05,8.661313574093765e-06,0.0006011543002504187,0.9961461946891328,0.0011864079770644764,0.001635860480967744,0.0003748666117284839
dia43_utt1.wav,neutral,neutral,True,0.0005755210102146401,1.0795184912153378e-05,9.073414690425835e-05,0.0003087579978732063,0.9953271818752424,0.003463806260975231,0.00022320352387824075
dia47_utt0.wav,sadness,sadness,True,2.3699572370194104e-07,3.6373001846114503e-06,1.7608312747283466e-05,0.0024129345179834684,0.0020341363492619702,0.9952288016706966,0.0003026448534022675
dia47_utt10.wav,neutral,neutral,True,0.0008068331647372057,9.94040499449809e-06,4.2880048337850226e-07,0.007273146564584085,0.991848898991545,3.999028605006753e-05,2.076178760575429e-05
dia47_utt6.wav,sadness,sadness,True,2.2203568943669118e-05,5.753813190373832e-08,0.000536772647045347,0.00010591669462619975,0.00113917349511523,0.9979901870912877,0.00020568896484996963
dia49_utt2.wav,surprise,neutral,False,3.8083747337730025e-05,5.026206508699382e-06,2.4617039913273155e-07,0.0011193665783994636,0.3011937573707364,5.0596387117892336e-05,0.6975929235395006
dia49_utt6.wav,neutral,neutral,True,0.0026230039043876096,4.1698397012188584e-07,1.8735397618554131e-06,0.0031211844322549245,0.9856930999107059,0.0014424296336057857,0.007117991595313943
dia4_utt5.wav,fear,fear,True,6.8655040804436955e-06,7.859480527701546e-08,0.9994830677036828,0.0002635092955852383,4.147110858555308e-05,0.00012359834192600446,8.140945133486559e-05
dia4_utt8.wav,neutral,neutral,True,0.0010738194749245137,2.0410986993038046e-05,1.4884829600838838e-05,0.00023772103509794753,0.9927421390412752,0.00015034666185855883,0.005760677970249852
dia51_utt2.wav,neutral,neutral,True,0.0027599708620657123,4.558601653611236e-06,3.652948749632979e-05,0.00016095966729201306,0.9915332177073215,5.6300866453529516e-05,0.005448462807717262
dia52_utt7.wav,surprise,surprise,True,1.5296066449795497e-06,3.7189906947138025e-06,2.1566262358220418e-07,0.0002304718528882407,1.072268927646864e-06,2.8668451615981907e-07,0.9997627049337046
dia52_utt9.wav,neutral,neutral,True,5.336853695632503e-05,1.2336238355630605e-08,1.3083279781236828e-07,0.0015243735954691342,0.9983667063942381,2.341186282828904e-05,3.199644147199574e-05
dia5_utt8.wav,joy,neutral,False,0.005098344306148376,0.00016047112696708366,7.25031229707768e-05,0.48786550715995297,0.22864964988427688,0.00027490571722824943,0.2778786186824558
dia64_utt10.wav,disgust,neutral,False,0.12107915075479203,0.652532130019835,0.0005175336474861493,0.02701092792156977,0.19148949347959468,0.0009861553019993323,0.006384608874722956
dia64_utt11.wav,joy,neutral,False,0.11200935320935984,5.513899178459442e-05,5.134063065631071e-05,0.8687879939335982,0.012004235670946021,0.007040110314627055,5.18272490278186e-05
dia64_utt12.wav,sadness,sadness,True,0.0008454274908216412,6.055311989306436e-07,3.6528798143021826e-09,1.7681126344037353e-05,3.205263365671782e-05,0.9990961493059939,8.080259105055217e-06
dia64_utt14.wav,surprise,surprise,True,0.0007938071034414918,1.4346737410484578e-06,0.003003172413249079,0.0006752171155615091,1.7043365077910964e-07,0.000990289488434255,0.9945359087719218
dia64_utt16.wav,neutral,neutral,True,0.00861860722843373,0.0011236050829595441,0.00015508803944230853,0.0006720779180100268,0.988535277742073,2.132890823690708e-05,0.0008740150808445905
dia65_utt10.wav,surprise,surprise,True,0.012452110803386115,9.718466103479432e-06,2.2133792607598857e-05,0.0008623288289688148,1.152855778629835e-08,1.068377443727518e-05,0.9866430128059389
dia65_utt3.wav,disgust,disgust,True,0.0006320962032779757,0.9991341885165927,9.571121686427093e-07,0.00010086221216201774,0.00012650196435199217,3.1074966052522457e-06,2.2864948415418278e-06
dia68_utt1.wav,anger,anger,True,0.9993028797490311,9.628233254578596e-06,6.675798596680337e-07,0.0005160612724377301,0.00012420954151341057,4.64306338016186e-05,1.229901017914136e-07
dia68_utt10.wav,neutral,neutral,True,4.724671666756661e-06,2.830060925361764e-08,0.0014117500636733219,0.35624614324694875,0.6374387738792258,5.542458238668583e-07,0.00489802559205231
dia68_utt12.wav,joy,joy,True,0.0005390218971920506,2.5472900351673495e-05,1.0777060028450154e-07,0.993267216602657,8.618989958851574e-05,0.00010019766898145295,0.005981793260628808
dia68_utt14.wav,neutral,neutral,True,0.007078908948205789,0.0016136560580587913,6.146920385992309e-05,0.002788890227961565,0.9882025524060888,2.4882213543374183e-05,0.00022964094228166427
dia68_utt2.wav,neutral,neutral,True,0.003941558785062612,0.00027447694961234916,2.7018576825760736e-08,0.00019249757295848618,0.8675964983545732,0.005129896904416668,0.12286504441479984
dia68_utt4.wav,neutral,neutral,True,0.007783254791576868,0.00016513768807520937,3.306799079291799e-08,9.076385967942237e-05,0.9917479850666381,1.529395110503891e-06,0.00021129613092913765
dia68_utt6.wav,neutral,neutral,True,0.0005822537383543688,1.039387844592613e-05,9.35954766567097e-05,0.008859509197734029,0.9837245621267238,0.006138823430709693,0.0005908621513756241
dia68_utt8.wav,neutral,neutral,True,0.005519044267845119,0.00021540343732049083,3.3400826910315076e-08,2.140196923024728e-05,0.9942233069048462,1.6397907850250517e-06,1.9170229145927054e-05
