FILENAME,PREDICT_LABEL,TRUE_LABEL,MATCHING,ANGER_POSSIBILITY,DISGUST_POSSIBILITY,FEAR_POSSIBILITY,JOY_POSSIBILITY,NEUTRAL_POSSIBILITY,SADNESS_POSSIBILITY,SURPRISE_POSSIBILITY
dia103_utt3.wav,surprise,surprise,True,0.006265143838427855,2.429655753728451e-06,0.0003507272695195715,0.00020841248751650373,0.0008920727278000467,7.336602408544997e-05,0.9922078479968969
dia103_utt5.wav,surprise,surprise,True,3.072444713347875e-06,3.817378401129761e-07,0.00030617206456907763,0.0006035882543203325,0.002764972949465064,3.949619862924883e-05,0.9962823163504628
dia104_utt0.wav,neutral,joy,False,6.821577603928009e-05,0.00013607843684204952,0.0002760412035337857,0.0004972320204530216,0.9961334740832494,0.0014562994166397527,0.0014326590632429371
dia104_utt2.wav,neutral,neutral,True,0.11099470260254234,7.294393598993665e-06,0.22146327794979537,0.20414440377759305,0.42400457747697823,0.002346079544609486,0.03703966425488263
dia106_utt0.wav,anger,anger,True,0.9933872521300439,2.611573366235189e-05,3.5636810996638855e-07,0.00031965574773578064,0.005088255340136595,0.0011724132715756398,5.951408735827029e-06
dia109_utt1.wav,joy,joy,True,0.0003692723295095116,0.0002932629147205398,0.002050161483305772,0.9809274316325741,0.003675551147748249,0.011349681398554254,0.001334639093587548
dia109_utt6.wav,fear,neutral,False,0.06546649083572599,0.007378432370204522,0.5027436654609946,0.027244117100184546,0.02304955926333185,0.0011598408084445037,0.372957894161114
dia10_utt0.wav,anger,anger,True,0.9821295191996755,2.382262147749116e-09,0.0011780025583524234,0.002792468691306536,0.00015787440006693858,9.321456928175846e-06,0.0137328113114083
dia10_utt1.wav,neutral,neutral,True,5.9928222275992737e-05,0.0003117170031913602,1.3782497653231037e-06,0.012378804843427684,0.9710118798727521,5.6459851949556674e-05,0.01617983195663801
dia10_utt2.wav,neutral,neutral,True,0.001222260311141125,0.006255916865400866,2.4202232422668983e-06,0.0032998676677406117,0.9763775001022735,1.957164806240356e-05,0.012822463182139091
dia110_utt0.wav,surprise,surprise,True,1.9802601385604612e-05,1.6028646868617153e-05,0.004910953134988573,0.01683934321744309,0.001616027242368465,0.00011843361590657827,0.9764794115410391
dia111_utt12.wav,sadness,neutral,False,0.0015411585397814447,0.006658472809761642,0.18452375950706765,0.14105957199563215,0.004464933423162938,0.6594182768474075,0.002333826877186667
dia111_utt14.wav,neutral,neutral,True,0.0004354521988045969,0.02281696267366279,0.0003858864476729345,0.011933406848609792,0.9153422130596514,0.02200742844198922,0.02707865032960922
dia113_utt2.wav,joy,joy,True,0.003369745741110387,3.402870901360994e-05,1.962795161597191e-06,0.9793590657204782,0.010786576132439453,1.051280634365197e-05,0.006438108095453453
dia113_utt7.wav,anger,anger,True,0.9942686589227503,1.1124165488922812e-09,1.1639388681082012e-07,0.001500943372364429,0.0007706453452119632,0.002266295314628944,0.0011933395387409094
dia114_utt1.wav,joy,neutral,False,0.0012737943074136782,0.0016683858301791176,0.0004541117754523797,0.6085918442927393,0.20262979929340266,0.004649914309362624,0.18073215019145022
dia114_utt5.wav,joy,joy,True,0.003053518317843551,1.6921589458477214e-05,2.876027256936964e-06,0.9880367906747988,6.010546104371989e-05,0.00881224693114984,1.7540998448832016e-05
dia116_utt1.wav,neutral,neutral,True,4.71367971773753e-05,0.004287404069881204,1.0277522539832107e-07,0.0039382956336845715,0.9753106235564688,0.0011521443155898376,0.015264292851972778
dia116_utt5.wav,sadness,sadness,True,0.00039752954190699045,0.0006138323922062275,0.00014800240926253795,7.566793886780955e-05,1.9770632717439953e-05,0.9986863678038145,5.882928122462129e-05
dia121_utt1.wav,joy,joy,True,5.297284032362895e-05,8.547868336006433e-05,2.6593108338215953e-05,0.9899036430080346,0.0016684773474847036,0.005316000056359372,0.002946834956099667
dia121_utt3.wav,sadness,neutral,False,0.01126452809160734,1.2350677130721216e-05,9.594030677966022e-09,0.0013778233627325125,0.0003061547888946606,0.9870362113970602,2.9220885439839706e-06
dia121_utt5.wav,joy,joy,True,0.0002645015537454343,3.094449900232908e-05,2.973753529756053e-05,0.9961511922091205,0.0016630935112275122,0.0003292391957086825,0.0015312914958978813
dia125_utt11.wav,joy,joy,True,0.012162381362398746,7.375769572598682e-05,8.574208746175665e-06,0.9683872491910409,0.015402397147761164,0.0027813840173252983,0.0011842563770015375
dia125_utt12.wav,neutral,neutral,True,0.02264483366169953,0.00037184615759937935,0.0018619868932922296,0.0028278718657120806,0.9682748666875471,0.0034389621994049915,0.0005796325347445357
dia125_utt14.wav,surprise,surprise,True,0.0036795505740308074,8.78918467314451e-05,0.0021245470796303198,0.0006894113213708845,0.0030468120426208776,3.505678412166041e-05,0.9903367303514939
dia125_utt17.wav,surprise,surprise,True,0.00021938932887110533,4.348924027031746e-06,5.583114763843048e-06,0.006214767103392622,0.009829393893597953,0.0004263515699283922,0.9833001660654191
dia125_utt18.wav,anger,anger,True,0.9923553370196299,3.3747280850728316e-09,2.7396470711062735e-07,0.0007074156314371212,0.002601737824535175,0.002754374033339996,0.0015808581516224885
dia125_utt19.wav,anger,anger,True,0.9972322273176676,5.347503455466915e-06,0.0007098189081887763,0.00018501111600497774,0.0016753557228377993,7.707627141166371e-05,0.00011516316043381828
dia125_utt22.wav,surprise,surprise,True,0.02975274348283416,0.14001685135526348,0.17821441341570077,0.0010705711593309972,0.00812743493649066,0.11711973298806692,0.525698252662313
dia125_utt4.wav,fear,neutral,False,0.004365009339365237,3.472705443295691e-05,0.9625675067651578,0.013577867616289385,0.017304258609718605,4.682817939036059e-06,0.0021459477970968057
dia125_utt7.wav,surprise,surprise,True,0.012569101619259284,6.493939827650481e-07,0.002893491933835421,0.00013354763932310474,0.0010382985049947875,7.338490685660374e-06,0.983357572417919
dia125_utt8.wav,neutral,neutral,True,2.1594868495480073e-06,0.002253471491571116,8.350834924181551e-05,0.00887402736097172,0.9857255963187731,0.002851528447411764,0.0002097085451810302
dia125_utt9.wav,neutral,neutral,True,1.3464026592806331e-05,7.940287169957618e-08,0.0009155369258648238,0.019738558849655297,0.9636786027743302,0.0024723223994174122,0.013181435621267883
dia129_utt4.wav,sadness,neutral,False,6.017331852715777e-05,8.65967532198785e-10,2.319162000754489e-06,0.0006160166634227369,0.00434727901150435,0.9918610059890357,0.0031132049895416323
dia131_utt7.wav,fear,neutral,False,1.9840656932629e-06,0.000725848077552107,0.9640471563630081,0.0011756216778416966,0.027434066676857223,7.34755806418186e-05,0.006541847558405772
dia132_utt13.wav,neutral,neutral,True,0.003476551230597467,0.0011554850193839549,0.0002694544285870349,0.15564580146727963,0.5167890376464893,0.3226517315279874,1.193867967526356e-05
dia132_utt14.wav,neutral,neutral,True,0.011354433732651876,9.421441797586913e-05,0.009208476302925112,2.753808275277796e-05,0.9714759158043346,0.005007254603143922,0.002832167056216049
dia132_utt18.wav,neutral,neutral,True,6.389639562996316e-05,1.9741824489270737e-05,0.0014851048242424745,0.03347670483400986,0.8848045584395065,0.0801366665844585,1.3327097663453492e-05
dia132_utt6.wav,neutral,neutral,True,0.00045219958024876285,0.010840778157631795,0.0016531632805797702,0.010361740877930094,0.969886085582044,0.0046752021863375815,0.0021308303352280253
dia132_utt8.wav,fear,neutral,False,0.0010122182626141644,9.344373432365547e-07,0.7694246870961889,0.14908838479000647,0.008882796781002582,7.111902279780609e-05,0.07151985961004692
dia137_utt10.wav,surprise,surprise,True,0.002116032399530598,1.0723810744454615e-06,1.38426721290948e-06,0.00926378366968928,0.0017653393422282888,0.00016142214753414957,0.9866909657927303
dia137_utt12.wav,surprise,surprise,True,5.667566540273048e-05,9.327535633234895e-05,0.0001814805291407703,0.00015510925741144295,0.002426044431501946,0.010369646384300704,0.98671776837591
dia137_utt13.wav,anger,anger,True,0.9777733503178744,3.980005906972918e-05,5.3547810644366056e-06,0.004496634517104003,0.0011339818924605372,0.015702959054665646,0.0008479193777612107
dia137_utt14.wav,anger,anger,True,0.9940650991156741,3.3483032074783026e-05,0.0005071745650823401,0.0034627597498449146,0.0001430851317309694,0.00032504366290941054,0.0014633547426833248
dia140_utt0.wav,anger,anger,True,0.9344667613253554,0.002762905966244054,0.012403128030603285,0.0015481528250185944,0.01896974154142577,0.00939515366770521,0.020454156643647668
dia140_utt11.wav,anger,anger,True,0.9854372215384646,0.0034786091770921913,0.00023529328113252055,0.0003289970571873559,0.01021137063521001,1.6784282314374204e-06,0.0003068298826818403
dia140_utt13.wav,sadness,sadness,True,1.5901786035566703e-05,0.001337423335052645,0.0022355518398424513,8.806737311206618e-05,0.005234194373561359,0.9909321413873742,0.0001567199050216703
dia140_utt8.wav,sadness,sadness,True,0.00026826824471713376,0.01534916791700493,3.229568198943687e-07,0.0004401187803345628,0.002542602436528734,0.9797783344970915,0.0016211851675032335
dia140_utt9.wav,joy,joy,True,0.00564519434210847,0.0002039743265322107,0.007237463173369669,0.9767792071488359,0.004383403519835205,0.00019242667806661885,0.005558330811251972
dia147_utt10.wav,joy,joy,True,0.0016251481429407299,0.006897809985752601,5.006675402615008e-06,0.9880961529974627,0.0009209076404736297,0.002417204640877905,3.776991708974354e-05
dia147_utt2.wav,sadness,sadness,True,6.598022806786206e-05,0.00031194681093794035,0.0011772868922305026,7.430505697315346e-05,0.00011770355467567989,0.9979053086958398,0.00034746876127518365
dia14_utt1.wav,joy,joy,True,0.001475793988594009,0.0072928934865895845,7.281178037040835e-06,0.9784951227789385,0.00022043462386303465,0.010668502746452787,0.0018399711975252966
dia14_utt4.wav,neutral,neutral,True,0.0011998528028913577,0.0022093156502975535,4.9814969109001436e-05,0.030751780307183816,0.9231824395624676,0.000123845071216556,0.042482951636834035
dia14_utt5.wav,neutral,neutral,True,0.002317897703881089,0.00275519719327255,4.452265986948146e-05,0.009171159264447325,0.9817386115374934,0.00012660002924985635,0.003846011611786177
dia153_utt2.wav,neutral,neutral,True,0.15036610085985094,0.11382054058290701,5.887664974686128e-05,0.023045273479243577,0.709189320022547,0.0001954558269540924,0.003324432578750651
dia153_utt3.wav,sadness,neutral,False,0.048080098592058876,3.50628655250182e-05,0.11804699763245662,0.006875089292615,0.210606211233684,0.5447476886813655,0.07160885170229496
dia153_utt4.wav,fear,fear,True,2.011150709930971e-05,3.851351807867105e-06,0.9811242622957437,0.00013604014316110567,0.0003793389926350019,0.016483208593354646,0.0018531871161983086
dia153_utt7.wav,anger,neutral,False,0.9241008726432688,0.06753063637153428,4.4576577624972005e-05,0.0005954799447142521,0.006249132130706849,3.951447365936407e-05,0.0014397878584912573
dia154_utt4.wav,neutral,neutral,True,0.005575371400026204,7.041590893077767e-05,0.002761651912305512,0.012699930293643682,0.9329291641622127,0.03870217001603728,0.007261296306843772
dia157_utt0.wav,neutral,neutral,True,0.00010114690554889147,0.00019465823331537717,0.0032807571885553966,0.014645877505009607,0.981510211386849,0.00017652409664002956,9.082468408173287e-05
dia157_utt1.wav,neutral,neutral,True,5.687399300186423e-05,0.1274945574311879,7.684982095429202e-07,0.00018821813619260324,0.8708429291121355,0.001010139933824992,0.0004065128954476297
dia157_utt3.wav,neutral,neutral,True,0.0005310671638048764,0.001413092436297341,1.896360468293826e-06,0.0031027219635283597,0.9943419500972203,1.647004422190222e-06,0.0006076249742586814
dia157_utt7.wav,neutral,neutral,True,0.00022765974405283365,0.0009580365656516477,0.003030713140604912,0.005338430852508971,0.9651362712660577,0.025043071899746642,0.0002658165313774417
dia15_utt5.wav,anger,anger,True,0.9995733459529528,1.6682536993621639e-07,9.817676690747017e-09,4.679746543684317e-05,0.0003557338329297344,2.161225350476555e-05,2.333852129211571e-06
dia160_utt9.wav,anger,anger,True,0.9958053889000735,1.7346893571488814e-07,2.761172107400942e-05,0.00019334365134903502,0.00382925866209291,1.961187448604921e-05,0.00012461172198884553
dia164_utt4.wav,joy,neutral,False,0.008175414587137136,0.0029459311766788484,0.001512762388061411,0.9446789402376773,0.018195161585443684,0.018817265214146055,0.005674524810855618
dia166_utt1.wav,anger,anger,True,0.989371700370877,0.00034389122995572236,7.432364530807935e-05,0.0010268796581184177,0.009090347859322886,2.5040852934060734e-07,9.26068278889219e-05
dia166_utt10.wav,neutral,neutral,True,0.000817771837884869,1.486914810589684e-05,0.008439646552123196,0.23245231919843592,0.5564682103327702,0.20095083410638354,0.0008563488242962397
dia166_utt11.wav,neutral,neutral,True,0.01578983923336145,4.756546436710723e-07,0.0052229045248602755,2.0645959921452283e-05,0.9565330144980007,0.00119244775883704,0.02124067237037556
dia166_utt12.wav,neutral,neutral,True,0.0026031571971361547,8.064088104134678e-06,2.5641408729615553e-05,0.03026919315699607,0.905898703292895,0.00018436587475374275,0.06101087498138534
dia166_utt13.wav,neutral,neutral,True,0.009976363192406534,0.005234928748096276,7.616453192755952e-05,0.0015505101221198708,0.9694621497864799,0.00023296278901621743,0.01346692082995335
dia166_utt3.wav,anger,anger,True,0.9982001965869931,8.09802559676715e-05,0.00012882687254891768,0.000848794486688613,0.0002691167666575082,6.764528679976123e-06,0.00046532050246411645
dia166_utt5.wav,sadness,sadness,True,0.0006486475131315557,1.8455404367774755e-06,5.857390760544995e-06,9.51358643461696e-05,0.00029149996946114143,0.9989294852587599,2.7528463103936914e-05
dia166_utt9.wav,neutral,neutral,True,0.003379265399890313,0.0004813462124748206,8.851014886956727e-05,0.03708531356858137,0.9585712708491345,0.00037178176943467186,2.2512051614677936e-05
dia168_utt0.wav,neutral,neutral,True,0.0011529797562931322,0.0009588710014258224,0.0014245006240121158,0.02540966565609938,0.970980114974647,7.209324418648607e-05,1.7747433358729622e-06
dia168_utt11.wav,anger,anger,True,0.9610842954592426,0.0006317155269473755,5.544294265428261e-07,0.016768173394247198,0.020308709332992874,6.162950214457241e-05,0.0011449223549989372
dia168_utt2.wav,neutral,neutral,True,0.002040623870954221,1.1501767212244387e-06,1.8975035268508912e-05,0.010021812303439917,0.98339090823399,0.004515213904433807,1.1316475192171685e-05
dia169_utt14.wav,neutral,neutral,True,0.1096258149292203,0.27585929634320006,0.002937322145643011,0.0992973468923649,0.5119312630623863,0.00025257711839830687,9.637950878710117e-05
dia169_utt18.wav,disgust,disgust,True,0.0034818313909965714,0.9865866273513734,1.5298974264072787e-08,0.0015008342711278608,0.008377718183419548,2.8840651983414328e-05,2.413285212506621e-05
dia169_utt20.wav,neutral,neutral,True,0.008547485576364646,4.396606100684517e-08,0.002308154244697424,0.001410981415829002,0.9782650863285249,2.2430246318822364e-05,0.009445818222204095
dia169_utt5.wav,surprise,surprise,True,0.002265574500615543,7.569411928270709e-13,0.0006893261951112394,7.795109534904234e-05,0.0010887520320315342,0.00016476663471352672,0.9957136295414221
dia169_utt8.wav,surprise,surprise,True,2.297714101471493e-06,1.5717984653074467e-06,7.819797440841619e-06,2.3013655843189023e-05,0.0017656211333102836,0.0031816362701959,0.9950180396306431
dia16_utt1.wav,joy,neutral,False,0.0002875040668057783,1.3348550978079286e-06,0.006280269011673797,0.8279243326810618,0.14913842046712567,0.015517068032058285,0.0008510708861769455
dia16_utt2.wav,sadness,neutral,False,0.00014209456330881002,0.002125229736342544,0.035895866831947704,0.0029451129528452677,0.38544047129965736,0.5363853094783813,0.03706591513751718
dia170_utt0.wav,surprise,surprise,True,3.464112577785016e-06,2.489294183702864e-08,0.015385125353837157,2.4409085890234693e-05,0.005576219234385534,0.00010016381261562073,0.9789105935077519
dia176_utt0.wav,surprise,neutral,False,0.01483138469631957,0.06396198917712602,0.13474333136221353,0.021476058524323452,0.010909173526623444,0.004706834450491124,0.7493712282629029
dia179_utt1.wav,anger,anger,True,0.9997043296055441,2.5782841266551632e-08,4.1192385774492e-05,1.653054919903508e-05,6.635998310716656e-07,6.752764263340976e-07,0.00023658280038375905
dia17_utt2.wav,neutral,neutral,True,0.009527758524954957,1.0886599754777803e-07,0.0012329873241627004,0.007532659018431362,0.981376845930287,5.164374987295838e-05,0.0002779965862935335
dia181_utt0.wav,neutral,neutral,True,0.003529907358860574,5.241497484275493e-09,3.828026015559455e-06,0.03171487946538093,0.8416550198153249,0.1229510555719841,0.0001453045209365836
dia183_utt1.wav,neutral,neutral,True,0.000666004812423889,1.368015150111123e-07,0.00011406006129436494,0.0008012492453748018,0.9914278831039339,0.006731456941769304,0.00025920903368856793
dia183_utt4.wav,sadness,neutral,False,0.0009981134429431703,0.1868359194934265,0.0061386362181974335,0.21797909771750845,0.03297410899351344,0.553116478648164,0.0019576454862470713
dia183_utt5.wav,disgust,neutral,False,5.228550122795667e-06,0.9878720517739827,0.0009520704526636348,0.006575982416656514,0.0011998907350788633,7.784339665321707e-05,0.003316932674842538
dia183_utt6.wav,neutral,neutral,True,0.00017750009231281693,0.0033313282657025487,6.0282398907223055e-06,0.0022126743333645083,0.9797325439433036,0.014534684972960824,5.240152465132763e-06
dia183_utt8.wav,neutral,neutral,True,0.0003829213011317513,0.006700730605855221,0.004864373958644905,0.0003186561824362268,0.9724096278465696,0.008840635697452649,0.0064830544079097765
dia185_utt3.wav,joy,joy,True,0.00765026676779817,3.548390765147e-08,1.1448286079230801e-05,0.989514710355208,0.002670520677488364,1.0512819131410104e-07,0.00015291330132712055
dia185_utt7.wav,neutral,neutral,True,0.019604100288049882,0.0004633448635772837,1.2716239571516955e-05,0.014760162755951977,0.9650391573422243,9.166116735639253e-05,2.8857343268710713e-05
dia186_utt3.wav,sadness,sadness,True,0.0016605206566944484,9.321309949970037e-05,2.5879010053549038e-05,0.006404781315590887,1.5594911316998362e-06,0.9915466711105747,0.0002673753164550182
dia188_utt0.wav,neutral,neutral,True,0.0017168547269969026,0.0001526154773353367,8.11185173877712e-05,0.013708250633462772,0.9554833907741725,0.0005011747365824686,0.02835659513406204
dia188_utt8.wav,joy,joy,True,0.03397182539788158,0.00016120143499693675,0.01095980903217329,0.6505859875198925,0.24959649631862335,0.0402938676712857,0.014430812625146772
dia189_utt0.wav,joy,joy,True,0.01835323629300513,0.00045790049832608544,0.00219664805598704,0.932513685847768,0.027066265646149747,0.01652273859708393,0.002889525061680173
dia189_utt4.wav,neutral,neutral,True,3.833735506741241e-06,0.010466830007044847,8.896274973833207e-05,6.779190431329427e-05,0.9891558873539257,2.317110307606245e-05,0.00019352314639516443
dia189_utt5.wav,neutral,neutral,True,0.01871606152880947,0.009481723544389654,5.6398233239257746e-05,0.0008471256632101135,0.9683702079966522,1.6617878499706344e-05,0.002511865155199401
dia189_utt7.wav,surprise,surprise,True,1.1505937123918685e-07,3.384955049887691e-08,3.4997761718651302e-06,0.0027618999807122926,0.0006626831783980554,2.1707437976479967e-05,0.9965500607178196
dia198_utt2.wav,anger,anger,True,0.9911970965862883,0.0015358055071890988,0.00013298038541145413,0.004080274588281776,1.2512693101556022e-05,5.0953868804410215e-05,0.0029903763709234967
dia198_utt6.wav,joy,joy,True,0.006117252932963661,5.081060919717713e-07,0.0001916460887320339,0.992722539641139,0.00012330573033972716,0.00013263727775636919,0.0007121102229772508
dia198_utt7.wav,joy,joy,True,9.035020553626169e-05,1.0971367928286813e-05,0.004391082727206931,0.9880099167047073,0.0004109821538012744,4.329129188233985e-06,0.007082367711631705
dia198_utt8.wav,anger,anger,True,0.9628444907553748,0.0025362568957437923,0.013847724900457813,0.0009022642475665062,0.0004332961891986883,0.00219499618272262,0.017240970828935782
dia1_utt0.wav,joy,neutral,False,0.01816159170032616,1.4528314558405765e-05,0.002153908871133067,0.9077530180211819,0.06803863982667782,0.0037136559084559604,0.00016465735766654812
dia1_utt4.wav,joy,joy,True,0.00037754659233635437,2.278918829626864e-06,0.0001296208553978691,0.9820076554730268,0.016537338485891583,0.0007098511743628761,0.00023570850015469742
dia201_utt0.wav,neutral,neutral,True,0.021238956460339128,0.0031201558870458854,0.0012736665687147401,0.0036343968177062545,0.9704303620366697,0.0002673696077050564,3.50926218193189e-05
dia201_utt10.wav,surprise,surprise,True,0.005922585912845168,0.00025314045644503623,2.0269800207699855e-05,0.0026363785919301156,0.0021160864954023035,0.001942774281089432,0.9871087644620803
dia201_utt2.wav,joy,joy,True,2.9073061816453348e-05,2.5681429257224486e-07,0.00017982657177502894,0.9965667588317337,0.0030397742385286294,0.00017557322614782523,8.73725570581099e-06
dia201_utt3.wav,neutral,neutral,True,0.000860225508714585,8.99693965602493e-05,0.07597840475801268,0.09323316258842629,0.4867678016036592,0.23103077580855252,0.1120396603360745
dia201_utt6.wav,sadness,neutral,False,0.01765801454130359,0.00023790569032084623,0.0034340385054945828,0.03259726726622014,0.02317982661690206,0.9226256018102622,0.00026734556949652274
dia201_utt8.wav,anger,anger,True,0.9464045969850424,0.0009574632665567593,0.0008798385360747655,0.0002444855539226025,0.0012129499146348792,0.021225415493455982,0.029075250250312396
dia202_utt0.wav,neutral,neutral,True,2.427303023406658e-06,2.334495713214674e-05,6.158678436659361e-05,0.0021592895176834382,0.9958166789346169,0.0017267639951321768,0.00020990850804522535
dia202_utt2.wav,joy,joy,True,6.721454051959582e-05,1.327814805441176e-05,4.6134472292012644e-05,0.9789837082377308,0.019522839041892344,0.001321303257907081,4.5522301603618655e-05
dia205_utt1.wav,anger,anger,True,0.9992855568119541,1.691880467162549e-08,4.748900204213267e-07,0.0002225334762403884,4.3036256195327525e-05,0.0003276053661584179,0.0001207762806265874
dia206_utt0.wav,joy,joy,True,1.916249049765629e-06,2.73773727313888e-05,0.00011274540796406245,0.9976996438200298,4.914356452399117e-06,0.0001753635435743668,0.0019780392501982454
dia208_utt1.wav,neutral,neutral,True,0.019095762892969746,2.8148734976348484e-09,0.01616540451876258,0.0010005459220904906,0.9594072242602244,0.003974950383377081,0.0003561092077022249
dia208_utt10.wav,neutral,neutral,True,0.00020355010049631547,0.0018559517299025071,0.002476698626974476,0.014169291709904698,0.9648082574398146,0.014516677241121862,0.0019695731517856145
dia208_utt2.wav,neutral,neutral,True,5.985850615176866e-06,2.836600634611289e-08,1.6016562128048787e-06,0.0064194076229481785,0.9935664311437856,1.481858419884452e-06,5.063502012191143e-06
dia208_utt4.wav,sadness,sadness,True,0.00034719930920956677,3.06080984210664e-08,4.6459518910901604e-05,0.00817452901585994,8.96631755408391e-07,0.9914308232867148,6.162945088566573e-08
dia208_utt6.wav,neutral,neutral,True,0.0002053552344616158,0.010814553207894996,0.0009666064655621463,0.002610359519890243,0.9823520405886719,0.0029628661189111433,8.821886460802691e-05
dia208_utt8.wav,surprise,surprise,True,0.0006970719746087941,3.4553413957263205e-07,0.00038588818117285393,0.007742004798035281,0.0042699645528645825,1.2097317398116635e-06,0.9869035152274392
dia20_utt1.wav,neutral,neutral,True,0.0023504741716261447,0.00012504360597169305,0.0011616647704578884,0.012218520471517648,0.9756531155474422,0.0018019251447114555,0.006689256288273086
dia20_utt7.wav,neutral,neutral,True,0.0002057752362386522,2.1839611929417537e-05,0.015261853188523702,0.004212515260196083,0.9758736501455783,0.0008054841914707891,0.0036188823660628865
dia211_utt7.wav,neutral,neutral,True,0.05730943755034739,0.0013576900216225201,0.0008091977958006079,0.2646826627231631,0.6749918869106595,0.0006089062308004383,0.00024021876760638332
dia214_utt2.wav,neutral,neutral,True,0.00012807710120712456,8.199630842275646e-05,1.7364704460678083e-07,0.020092550817023224,0.9789952655117775,0.0006995194645252546,2.4171499994381527e-06
dia214_utt3.wav,neutral,neutral,True,2.1344851464233377e-05,7.551369248211836e-07,6.66636830768838e-05,0.0011888205318711543,0.99588559269625,2.1043068166934715e-05,0.0028157800322459185
dia214_utt4.wav,sadness,sadness,True,0.00011040144851413461,4.107405413109666e-06,0.0004940705583730401,0.013836719814616425,1.2377410249501786e-05,0.9723867804507746,0.013155542912059084
dia216_utt3.wav,neutral,neutral,True,0.00011630217869606904,0.022974627058967318,2.3094071137028254e-05,0.0010661452756205426,0.9694240238657856,0.0004391274074440439,0.0059566801423493135
dia227_utt2.wav,anger,neutral,False,0.7631058411105203,4.5844512499612075e-05,0.001552281960743799,0.011923996672162603,0.02093501102579663,0.005922776984328155,0.19651424773394888
dia229_utt5.wav,joy,joy,True,0.0010088241917234717,1.9622316154609916e-07,0.00026835286900820705,0.9966971711190816,0.00030786569435528355,0.0016014050358676185,0.00011618486680242018
dia229_utt6.wav,neutral,neutral,True,0.01038290894980016,2.196229509220817e-07,1.7003020741482544e-07,0.0009739370708359814,0.9672483817343225,4.5492911023324255e-05,0.02134888968085966
dia229_utt8.wav,joy,neutral,False,0.024140476126987404,0.01964404730629958,0.031123087644336484,0.781568524441152,0.1425470922885855,0.0008589718989032909,0.00011780029373595379
dia230_utt0.wav,neutral,neutral,True,0.004219415311020267,6.468301018646112e-07,3.26999234891557e-07,6.385331247285136e-06,0.9910536310256043,0.00024686835414259293,0.00447272614864861
dia231_utt11.wav,disgust,disgust,True,0.001666003812550036,0.9975397659270426,1.1396907426472016e-07,0.00035372112823644277,0.0003259313068799649,7.873962865268586e-06,0.00010658989335154647
dia231_utt9.wav,fear,fear,True,3.405231975877814e-05,8.904704518829679e-05,0.9997076319827997,9.480376819873746e-05,6.084443475701451e-06,6.67381786526186e-05,1.6422619263045961e-06
dia237_utt1.wav,anger,neutral,False,0.4853192767657465,2.8812461911820545e-07,0.00038206282823068436,0.020490216642327374,0.4837740392720972,3.8079797966080744e-05,0.009996036569013041
dia240_utt13.wav,neutral,neutral,True,0.011033671867140328,0.014785466545840164,0.0011515345116570226,0.016370575173054295,0.9558199353151514,0.00015750535200133265,0.0006813112351553677
dia240_utt15.wav,neutral,sadness,False,0.023207194819188353,6.20519286650532e-05,6.836112799419934e-06,0.029223599831877663,0.6245675981109464,0.3222281792383189,0.0007045399582042294
dia240_utt4.wav,surprise,surprise,True,1.2066550559111255e-05,2.032913463217888e-06,1.4839956683141076e-06,0.0021694520448909704,0.00017333953228547243,0.006622101938731177,0.9910195230244017
dia240_utt7.wav,joy,joy,True,0.001562270705126523,6.951983663177144e-05,0.00019742226982852917,0.9968169309567467,0.0003600923423435271,2.8788237781724984e-05,0.0009649756515410548
dia240_utt9.wav,joy,joy,True,0.0002228844627804246,1.0799624862114422e-06,3.2297334938690423e-07,0.9915795601772042,0.007340418842015142,0.00029446156206325215,0.0005612720201014155
dia241_utt1.wav,joy,joy,True,0.012239911384713628,0.009723569183594963,4.318720204836415e-05,0.9767840103401516,4.492680045939346e-06,0.0012023836760018173,2.4455334438126125e-06
dia241_utt2.wav,joy,joy,True,5.2158112898985466e-05,5.994868144037494e-09,0.0009845367323839595,0.9898804486339638,0.0013439795157201956,0.00205065410797322,0.0056882169021916645
dia241_utt7.wav,surprise,surprise,True,7.152994121845277e-05,0.0007373328900719065,4.551266818561101e-06,0.0003130927189570487,0.012063865222986607,0.00012447288598612326,0.9866851550739614
dia241_utt9.wav,joy,joy,True,0.00467945231489805,7.934362026410656e-05,0.003407747801079735,0.9905650220473063,0.00014753350370280712,0.0002787673750762522,0.0008421333376726492
dia246_utt10.wav,neutral,neutral,True,0.011577742350020098,3.0298176116774898e-05,0.0003537110764686742,0.00048241571562006747,0.983535389227117,0.0014698501727835073,0.0025505932818736593
dia246_utt11.wav,neutral,neutral,True,0.008302804175626996,0.0004924448210849685,0.002431945085509228,0.005555955570392398,0.9822153460586115,0.00024719326248822456,0.0007543110262866017
dia250_utt5.wav,surprise,surprise,True,0.0010912255792572916,0.0017025700191054649,6.853014359672308e-05,0.00453403003871331,0.015666149525227966,9.328028816643242e-05,0.9768442144059328
dia252_utt14.wav,neutral,neutral,True,0.001180124349432992,1.113589056747454e-06,1.1311689985124246e-05,0.00030437685944313295,0.9944815850610882,0.0038894670111882094,0.00013202143980554923
dia252_utt15.wav,neutral,neutral,True,0.007882062085373601,0.0002931546145097928,0.00033012590907582017,0.004779851014494707,0.9714242215202198,0.0010311645189262347,0.0142594203374001
dia252_utt16.wav,neutral,neutral,True,0.03400163509697694,0.0006383234391122677,5.9615992658107e-05,0.10709838945944494,0.8543053600266766,0.00039082414763393043,0.003505851837497322
dia252_utt18.wav,neutral,neutral,True,0.003220797878775642,0.0006939540905548181,2.998751793974055e-05,0.015185735236682919,0.9559288193199691,0.0010619756523415759,0.0238787303037362
dia254_utt15.wav,anger,anger,True,0.9871434283261661,3.365789807985679e-08,6.635881459085341e-08,0.0013908802027536536,0.0021929674026543735,0.0026806161010945197,0.006592007950618719
dia254_utt6.wav,anger,anger,True,0.9976540499762871,4.039776023550389e-11,7.667586643893276e-09,0.000628485957744916,0.0013925420377144681,0.00027145248552280636,5.3461834746342255e-05
dia254_utt8.wav,neutral,neutral,True,0.0027530424496697257,1.4307291459500695e-05,0.0011068833889791047,0.005160195560136627,0.9839171948893715,0.004251195428579701,0.0027971809918040345
dia257_utt0.wav,neutral,neutral,True,3.073816932138739e-07,3.712862462964991e-05,0.0003727012064773567,0.0018079385507564437,0.9909963134921111,0.0063681777776405405,0.0004174329666917792
dia257_utt2.wav,neutral,neutral,True,0.00012449962435692524,6.637028012545155e-06,2.6180184526453732e-06,0.006930149808036529,0.9929225151515916,3.4911203700853876e-06,1.0089249179611765e-05
dia258_utt1.wav,neutral,neutral,True,1.3559149003756006e-05,2.709402367825211e-06,2.9138163800534466e-06,0.0031159703428230586,0.9956398381667632,5.315830441588616e-06,0.001219693292220612
dia258_utt11.wav,joy,joy,True,6.130943136118647e-05,0.0040511364651273805,0.0034774655629126587,0.9772670265701358,0.0008897666877391766,0.008915082794369903,0.005338212488353784
dia258_utt3.wav,neutral,neutral,True,0.001650210321018461,0.01751906809292824,0.000284667923544544,0.13357460983128808,0.5139992596904004,0.18820030548202665,0.14477187865879362
dia258_utt4.wav,anger,neutral,False,0.8169468269345226,0.0001286666974024055,0.0027016571943071685,0.14806529038433827,0.02214884013081107,0.009392395491288178,0.0006163231673304103
dia258_utt7.wav,neutral,neutral,True,0.004121590009864178,7.631212104050251e-07,6.381077657350292e-05,9.426633020387958e-06,0.9825188102370518,0.00034435414884981225,0.0129412450734301
dia260_utt3.wav,joy,joy,True,0.02867327120517156,3.3613411733405276e-05,0.00042152998000196155,0.9183829388822042,0.050613038603120115,0.001767285197340476,0.00010832272042827003
dia260_utt5.wav,neutral,neutral,True,0.013744208318416981,0.00021096410098076358,3.488507249332506e-05,5.937627015708848e-05,0.9854795532319347,0.00018489096652581416,0.00028612203949132035
dia260_utt7.wav,neutral,neutral,True,0.09148119664330384,0.03047487221569768,0.02488751997595246,0.039931471215005725,0.7845570711539968,0.00046261755122800613,0.028205251244815585
dia261_utt0.wav,surprise,surprise,True,0.0023688964251539564,6.92435721077084e-08,1.954358285617284e-08,9.44959111169661e-06,0.00015274012145936484,1.8968362117809502e-05,0.9974498567130021
dia261_utt6.wav,neutral,neutral,True,0.02744731538783628,6.777852302113621e-07,0.0002508677239772746,0.1277036621813778,0.8224869294187807,0.013360586040140515,0.008749961462657174
dia261_utt8.wav,neutral,neutral,True,7.042783999724459e-06,0.0010009147702105734,3.8782585957549315e-07,0.00021831644397450197,0.9985325455948285,0.00015751846917356176,8.327411195337554e-05
dia263_utt1.wav,neutral,neutral,True,0.0031605967481115093,0.009302687539344512,5.248246519005527e-05,0.01932895598059178,0.9680010886804024,5.4627519281699764e-05,9.956106707821499e-05
dia263_utt6.wav,joy,joy,True,0.002464677212086782,8.451032024717188e-08,1.1220402462302393e-06,0.9948113562900622,5.243481401557413e-05,0.0015625987549344913,0.0011077263783345398
dia264_utt0.wav,anger,anger,True,0.9776168148183776,7.4400460471878505e-06,0.00024957306418961625,0.0013485035108001097,0.020728931048365103,1.5167571098184902e-06,4.7220755110411846e-05
dia264_utt2.wav,surprise,surprise,True,0.003540452342518679,1.5564362211982884e-07,3.584999350442104e-08,2.4427414279781628e-05,0.0002202399772613079,1.8998143827123317e-05,0.9961956906284976
dia267_utt10.wav,disgust,neutral,False,0.2176727401859794,0.6271516478632982,8.516161491062359e-06,0.09641798965256415,0.054338779783289916,0.00026656743097047323,0.004143758922406647
dia267_utt3.wav,sadness,sadness,True,0.0010412735225984939,9.458575406332651e-07,6.035748286428957e-07,0.0012340919601619683,8.041475880211144e-05,0.9974404414702187,0.0002022288558493727
dia267_utt5.wav,surprise,surprise,True,0.006728222894118209,0.00037050972783468893,0.00012061998186045825,0.00022572970464204155,0.00966076221367701,3.883535385936372e-05,0.9828553201240082
dia267_utt8.wav,sadness,sadness,True,9.272880831181352e-05,1.460092230041843e-05,4.54830660552751e-08,1.694029433792601e-05,0.0012866756393946376,0.9985875457503982,1.4631021909615881e-06
dia271_utt2.wav,neutral,neutral,True,9.897154097862455e-06,5.0066765955328055e-06,0.0007244065432877692,0.011081018448455294,0.9881348293687157,3.990160239777107e-05,4.940206450116323e-06
dia274_utt2.wav,anger,anger,True,0.9708989201241447,0.00012033213140039229,5.930917712148767e-05,0.002484720657586889,0.011799484352910257,0.006548851800700274,0.008088381756136
dia275_utt1.wav,disgust,neutral,False,0.10788970267795989,0.8742089056848094,2.9032120623144508e-05,0.015291457492929168,0.002174535876051944,0.000210508735682711,0.000195857411943711
dia28_utt16.wav,neutral,neutral,True,0.0002732866129894799,0.0017089158388020696,5.662383751092998e-07,0.0021542562939611304,0.966827979473368,0.004837311575606461,0.02419768396689779
dia37_utt1.wav,neutral,neutral,True,5.9491869169394386e-05,6.923971223518133e-06,0.00015809231532541842,0.03481035103921814,0.9180425798341895,0.006905425696727036,0.04001713527414691
dia38_utt1.wav,joy,joy,True,5.933576150867384e-06,1.4507480034645011e-05,3.006598110318763e-05,0.961249265700477,0.03244382288255693,1.894225600559146e-05,0.006237462123671797
dia38_utt3.wav,joy,joy,True,0.00027457611873500393,7.17967304420987e-05,0.006038393526949356,0.9690947213037988,0.016226829941157782,0.00800433282978779,0.00028934954912906296
dia43_utt1.wav,neutral,neutral,True,0.00038507226931745053,3.703025768910798e-05,1.5941541047355728e-06,0.0029737667215537244,0.8957916101363008,0.0006454331569153396,0.10016549330411882
dia47_utt0.wav,sadness,sadness,True,0.002034502505657523,0.00027049358460027,0.00012002443880911879,0.0007087612254486451,0.0014690868206193412,0.9915500394146602,0.00384709201020494
dia47_utt10.wav,joy,neutral,False,0.0019639863685520483,0.00034066066600085923,1.8226967740663054e-05,0.8849272508804314,0.11188110018274804,6.14757712063704e-05,0.0008072991633204668
dia47_utt6.wav,sadness,sadness,True,0.008719489164349023,0.00010093805329128821,0.0010284317934456412,0.0025847098403958975,0.00031511515885183455,0.9870725262089147,0.00017878978075162906
dia49_utt2.wav,joy,neutral,False,0.004853163783074434,0.01794499783275676,0.14401297460193682,0.6885465594725514,0.01588570133670348,0.12561253691229982,0.0031440660606771144
dia49_utt6.wav,neutral,neutral,True,0.017889029534200383,5.536513992729373e-09,0.0006636809042947286,0.006180177716694765,0.9742004971902376,9.736434524723967e-06,0.0010568726835336127
dia4_utt5.wav,fear,fear,True,6.045756353492797e-05,1.905264054458369e-05,0.9975740079375118,0.002247142809333956,4.6268435409558104e-05,2.7941422966879954e-05,2.512919069807258e-05
dia4_utt8.wav,neutral,neutral,True,0.00023127058981798246,0.002317858173058991,0.002442694041726959,0.04508021146515045,0.9464447740652533,0.0011814279536980265,0.0023017637112941708
dia51_utt2.wav,neutral,neutral,True,0.009410139334750529,0.07659224456381308,0.0002523932510005781,0.013165077899976311,0.8819820148453087,0.0009384969219210609,0.017659633183229724
dia52_utt7.wav,surprise,surprise,True,0.00036160630146054787,0.0018058611221629516,2.3546407188862243e-06,6.992916666427308e-05,0.001571115598356321,0.00044863756620689836,0.99574049560443
dia52_utt9.wav,neutral,neutral,True,0.0005518196037427533,9.055226530006549e-06,0.012228432840076492,0.0013702753245601028,0.9615124165533088,0.00540815881194875,0.0189198416398332
dia5_utt8.wav,neutral,neutral,True,0.0034488662334727807,5.42941896100148e-06,2.148457416788354e-06,0.0006193732452187056,0.9614150508100628,9.212632450014802e-05,0.03441700551036777
dia64_utt10.wav,neutral,neutral,True,1.400184508312389e-05,4.4509403127371854e-05,0.0007606727740959704,0.012169019197942891,0.9869669244105316,2.851493343431441e-05,1.635743578472924e-05
dia64_utt11.wav,neutral,neutral,True,0.011767434423902995,6.253410901225785e-05,2.492104706137254e-05,0.008915172001490071,0.9783770570765402,0.0006463792719084003,0.00020650207008476818
dia64_utt12.wav,sadness,sadness,True,2.492509999815408e-05,0.0003926711506756886,3.7007025972457645e-06,0.00021343484023030566,0.00030363095273118707,0.999005639312566,5.599794120141322e-05
dia64_utt14.wav,surprise,surprise,True,0.00023000331554158545,1.9349047190754865e-12,2.008114250695228e-05,0.002062307638490893,4.139531946218229e-05,0.0006195197512074725,0.997026692830856
dia64_utt16.wav,neutral,neutral,True,0.012365612401940774,0.004492650843214251,0.0007646839961229668,0.01471336916745421,0.9530255214636868,0.004567104790952209,0.010071057336628787
dia65_utt10.wav,surprise,surprise,True,0.00202111266465929,0.009252566146386778,0.0016932673643966483,0.0020590391481992436,0.0025262722648129047,0.0001661345368649124,0.9822816078746803
dia65_utt3.wav,disgust,disgust,True,6.075234990299319e-06,0.9998158221533981,4.2213600623191635e-05,6.058903020474807e-07,2.173432251792271e-07,9.049393741786305e-05,4.457184004352704e-05
dia68_utt1.wav,anger,anger,True,0.9983288114253395,5.337921845828194e-07,1.8150062926656093e-08,7.542608816907502e-05,0.001527103406913141,6.241369041505216e-05,5.693446915697656e-06
dia68_utt10.wav,neutral,neutral,True,2.8934274030287388e-05,9.300945536618753e-07,0.0038693631137971256,0.004275625624080736,0.8307912284258098,1.0905451203705491e-05,0.16102301301652464
dia68_utt12.wav,joy,joy,True,0.0008375637977497408,0.007456038746005865,0.011084339044816005,0.924390732984928,0.0323216411155096,0.010817362544030339,0.01309232176696046
dia68_utt14.wav,neutral,neutral,True,0.00018017010935016752,0.00821564158038391,2.6373046462290998e-05,0.00023057955727973006,0.9911369222748472,8.25762123649249e-06,0.00020205581044021304
dia68_utt2.wav,neutral,neutral,True,7.344056895386743e-05,0.13943746266213022,9.042162938686141e-07,0.005043738739590411,0.8536408887626996,0.000511425481771957,0.0012921395685601522
dia68_utt4.wav,neutral,neutral,True,0.010836336551758504,0.36857016520296365,0.04152993813904813,0.0003744067562772804,0.4585927265535074,0.042810054895628086,0.07728637190081691
dia68_utt6.wav,neutral,neutral,True,0.005846437977316759,0.0006957311057959633,0.00025753945337915284,0.009676455362219021,0.9561910087271729,0.024322002787311617,0.0030108245868047208
dia68_utt8.wav,neutral,neutral,True,0.449698986230419,0.012336195030789499,9.172084970842143e-06,0.021130210412219203,0.4502888059739639,0.008980579232782957,0.0575560510348547
dia6_utt0.wav,neutral,neutral,True,0.049172871829007966,0.0012319774247663616,0.04747399508930275,0.26895337622698284,0.3138913022221604,0.00983890635600767,0.3094375708517721
dia70_utt0.wav,neutral,neutral,True,3.3059705983971834e-05,2.511402686282785e-06,0.001381765101978678,0.0010156163894586372,0.9955814548774049,1.1560127375217389e-07,0.001985476921213629
