FILENAME,PREDICT_LABEL,TRUE_LABEL,MATCHING,ANGER_POSSIBILITY,DISGUST_POSSIBILITY,FEAR_POSSIBILITY,JOY_POSSIBILITY,NEUTRAL_POSSIBILITY,SADNESS_POSSIBILITY,SURPRISE_POSSIBILITY
dia103_utt3.wav,surprise,surprise,True,3.454439039181703e-05,1.5639360244077174e-05,1.655327742553641e-05,0.0009315663511304162,8.04258471189032e-06,0.0003086892599408154,0.9986849647761555
dia103_utt5.wav,surprise,surprise,True,3.990235670070476e-08,1.5515941311838338e-05,7.526674708580525e-08,4.699710411552734e-06,0.0025117972123941536,0.0006348906565086577,0.9968329813102701
dia104_utt0.wav,neutral,joy,False,1.2580078187386642e-05,0.00018009401299066096,2.0881650149140198e-07,0.06476478128898498,0.9156211986206307,1.4376394296464786e-05,0.019406760788408355
dia104_utt2.wav,neutral,neutral,True,2.2353668322016778e-05,3.879504879695281e-07,3.775379694322153e-08,0.0018974016986707536,0.9957139993450789,1.962422063478774e-07,0.002365623341437109
dia106_utt0.wav,anger,anger,True,0.99992871268541,5.8096613316209946e-08,1.1406755604692624e-07,7.922311852511103e-06,5.004965650339833e-05,6.815985872568675e-06,6.3271961921064135e-06
dia109_utt1.wav,joy,joy,True,7.57840828091264e-06,1.7188950328975785e-06,0.0008887979541332194,0.9979568073205779,0.0001913036223822198,3.645799063883587e-08,0.0009537573416022874
dia109_utt6.wav,neutral,neutral,True,1.1301639751271562e-06,0.00012448031822153303,6.280744579182611e-05,0.0018540211434700028,0.9965786480355125,1.9500622858433212e-05,0.0013594122701707791
dia10_utt0.wav,anger,anger,True,0.9975207413263065,2.1729028094475414e-05,8.976880931656426e-05,0.001706501701180637,0.00020140042682036425,0.00021166050242083932,0.00024819820586064297
dia10_utt1.wav,neutral,neutral,True,3.1139339426355238e-06,4.173816448819586e-09,8.011765870222599e-07,3.1127968183644065e-05,0.9995625590127201,1.0692715948113888e-05,0.00039170101880232867
dia10_utt2.wav,neutral,neutral,True,1.3102003797275871e-05,4.813712086045019e-07,3.239758302749434e-08,0.0005040854619105987,0.9972236175845958,0.0005057763928281014,0.0017529047880767755
dia110_utt0.wav,surprise,surprise,True,4.009180408317268e-05,0.0010080504496045807,2.4394108452927595e-05,0.0011809256486358455,0.0002881461681615266,0.000816080096412079,0.9966423117246498
dia111_utt12.wav,surprise,neutral,False,0.0003186367640403193,0.0008144651464732948,0.032800441898866,0.10537545618037983,0.0442444235941528,0.2632113242116823,0.5532352522044054
dia111_utt14.wav,neutral,neutral,True,5.846182894634307e-07,8.002339410360876e-07,0.000275058792477913,0.00034004187601223093,0.993069622615265,1.6186080123173166e-05,0.006297705783891195
dia113_utt2.wav,joy,joy,True,2.2440624357925192e-08,2.444579229926779e-08,6.304034340164398e-08,0.9992466604045026,0.00028409381371944097,4.632894306796171e-08,0.0004690895260747907
dia113_utt7.wav,anger,anger,True,0.9998210938150014,8.725948780333953e-10,4.155208456051921e-09,1.8355651523071507e-07,7.512131062593758e-05,9.545999297537088e-05,8.136297078457018e-06
dia114_utt1.wav,neutral,neutral,True,0.012385557828638349,0.3252605996372583,7.271946879327862e-05,0.0004247095254020175,0.5922417737180432,0.06883194715670238,0.0007826926651623769
dia114_utt5.wav,joy,joy,True,7.666632105482603e-07,1.0145672300194369e-09,4.9734096353128914e-08,0.9996360396885169,1.5313313447673446e-08,0.00035144650407113037,1.1681082224549569e-05
dia116_utt1.wav,neutral,neutral,True,1.4782569004468438e-07,1.5162234727126406e-08,5.643098459452872e-07,0.0009528902122303345,0.9966563206966396,2.0730595860556177e-06,0.0023879887337731275
dia116_utt5.wav,sadness,sadness,True,0.00016433308195027958,0.0018817808738811857,0.00034532662058001253,0.000762899752387994,1.4705139141391775e-05,0.9891192093354672,0.007711745196592104
dia121_utt1.wav,joy,joy,True,4.193301408223187e-05,1.5037878819942378e-09,9.101065074181632e-06,0.9961613317750618,0.0007314974649390515,0.00011097142727000347,0.0029451637497848273
dia121_utt3.wav,disgust,neutral,False,0.005164042555517879,0.4051313961997579,0.3405451511206241,0.044561958941586766,0.05555632246813053,0.13659241861395316,0.012448710100429644
dia121_utt5.wav,joy,joy,True,2.315713250033367e-05,3.0320485921064045e-10,8.156964676482519e-08,0.9996853048829355,0.00017096203580038916,6.654680034243207e-06,0.00011383939587774602
dia125_utt11.wav,joy,joy,True,0.002046335307346084,1.7291807384891385e-07,6.5630490682561735e-06,0.9974071282232553,6.493941851276162e-06,0.000532085487099156,1.221073305995278e-06
dia125_utt12.wav,anger,neutral,False,0.6177889349220741,1.2470360990544434e-05,0.0012689162128232542,0.00037970066166449204,0.3559451861836738,0.007900907820386717,0.016703883838386994
dia125_utt14.wav,surprise,surprise,True,0.001472628295174071,2.9393377449238814e-05,0.00031283695195669136,0.001552089457844749,0.0007196382651981122,3.5572586937007993e-06,0.9959098563936836
dia125_utt17.wav,surprise,surprise,True,2.3156256826111874e-05,2.5742660304856996e-06,4.786096051809139e-07,0.0019193274047062346,0.0008807520563758057,5.372366950602538e-05,0.9971199877369501
dia125_utt18.wav,anger,anger,True,0.9999511540482131,1.0796823196471129e-10,9.405455197904672e-10,2.5808856102299025e-08,1.1493194084156483e-05,3.088805598579273e-05,6.437844347264202e-06
dia125_utt19.wav,anger,anger,True,0.9948475876525005,5.025116511581071e-09,5.3553389333480745e-06,0.00010284237173465084,0.004797529534707245,0.0001807948223374731,6.588525467006199e-05
dia125_utt22.wav,surprise,surprise,True,0.0012417129257610547,0.00030940150326164796,0.0021605942606022486,0.002199793007130268,7.142228104234376e-05,0.08354733482465365,0.9104697411975489
dia125_utt4.wav,disgust,neutral,False,0.035328606989461234,0.7605996073806519,6.8538136018113636e-06,2.908068123538976e-06,0.20359962601881657,5.5296956922276975e-06,0.000456868033652773
dia125_utt7.wav,neutral,surprise,False,5.740134375592799e-05,9.177561283669473e-05,0.0006675138382692681,0.00030916039767574216,0.9980457740776755,7.05550782307956e-05,0.0007578196515560509
dia125_utt8.wav,neutral,neutral,True,0.0035808999104845643,0.0032850808768616967,0.00010996110712047415,0.008566529423829976,0.9795725977665835,0.004879688924788288,5.241990331725683e-06
dia125_utt9.wav,surprise,neutral,False,0.0001231826656780658,5.011866981030801e-06,0.017663754721361766,0.05711742561402279,0.34010383168687097,0.00028165618854887966,0.5847051372565365
dia129_utt4.wav,sadness,neutral,False,0.10734572782160584,0.004983366793541683,0.0013831380914781958,0.07216456576955578,0.17928244146732802,0.5082169094246675,0.12662385063182294
dia131_utt7.wav,neutral,neutral,True,1.205541513207007e-10,2.6982496038970446e-08,0.00022171535557455658,6.282584452770845e-08,0.9989836856017614,2.2757409814925192e-08,0.0007944863563593023
dia132_utt13.wav,neutral,neutral,True,4.10778317362547e-06,0.0002144053424976477,7.28407525610392e-08,0.0003069967067542092,0.9979291663067172,0.001461618284543054,8.363273556179725e-05
dia132_utt14.wav,neutral,neutral,True,0.0008853135968898932,0.0031885529155752565,1.563418786396996e-08,0.0002258388756976312,0.9953211687792757,0.00029339454957209626,8.571564880151463e-05
dia132_utt18.wav,neutral,neutral,True,5.781844140751875e-05,0.003250051975354953,0.00047377428147410986,0.00020799840769375396,0.9931672720829907,0.00034043150588833814,0.0025026533051907473
dia132_utt6.wav,neutral,neutral,True,0.000642553932540455,0.0008913231417750415,0.00026600457024885554,0.05839267562817008,0.9156002084031778,0.0001987471869581302,0.024008487137129508
dia132_utt8.wav,neutral,neutral,True,0.016194543310776136,0.0007988603562343958,0.01084245644220205,0.000254910341107737,0.9456586989309742,9.770594057248403e-05,0.02615282467813291
dia137_utt10.wav,surprise,surprise,True,5.048539200704279e-06,1.2027694104121391e-08,2.8934244937865984e-05,0.0002176669469410684,0.0001363169236484314,4.539498055548549e-05,0.9995666263370223
dia137_utt12.wav,surprise,surprise,True,0.00014960535750673965,0.0020496027910518484,9.560234394528723e-07,0.00024220881107773562,7.738549174055601e-05,0.00011974479638675419,0.9973604967287969
dia137_utt13.wav,anger,anger,True,0.9977310316149824,0.0001563740303609141,0.00039136124282497785,1.763074687855378e-05,0.00012087252075339809,0.001582379441491571,3.5040270802769394e-07
dia137_utt14.wav,anger,anger,True,0.9983886881922955,5.362718617991016e-11,7.192709393434882e-07,8.905569283277307e-05,5.2552188135259386e-05,8.340426357043344e-09,0.0014689762617436232
dia140_utt0.wav,anger,anger,True,0.9985349512465344,1.9473623480254252e-07,0.00023725203598316477,0.0002950498664205562,4.607982880474413e-05,0.00032423456862389847,0.0005622377173983235
dia140_utt11.wav,anger,anger,True,0.9999880878165603,2.6062802563882304e-07,3.4600951381321245e-07,5.7991849916456405e-06,5.043726611924726e-07,4.755352334840113e-06,2.4663591274950074e-07
dia140_utt13.wav,sadness,sadness,True,1.497175302826064e-07,0.0008760084653566145,1.112341003743259e-06,0.0001323716181368939,1.521807351762218e-05,0.9989594789993169,1.5660785137996714e-05
dia140_utt8.wav,sadness,sadness,True,2.7782835270912714e-05,2.8911255762745926e-06,9.883878558581909e-09,0.000410334338162866,0.0004724006875539087,0.9987603584729235,0.00032622265663375007
dia140_utt9.wav,joy,joy,True,2.4023930605311473e-05,1.2069848384066094e-06,1.1469445927007319e-07,0.998253708433079,0.000601862348716756,0.00011289559787803635,0.0010061880104233621
dia147_utt10.wav,joy,joy,True,3.71636054137796e-07,9.867116233240486e-05,7.220234975089827e-10,0.9984772917107019,0.0014226366147995254,3.535098895662999e-08,9.92803099427669e-07
dia147_utt2.wav,sadness,sadness,True,0.003546447243714715,3.07413207321078e-07,1.2740882262029608e-06,0.00011976111566311329,1.0253012993681162e-05,0.9962946532135667,2.7303912628185852e-05
dia14_utt1.wav,joy,joy,True,0.0001929752370267721,7.747338691359283e-06,4.476967374442142e-06,0.9984153852023379,0.0005048163409725196,2.981691111036056e-07,0.0008743007444859696
dia14_utt4.wav,neutral,neutral,True,2.9601635764427566e-09,1.8921399498185845e-06,9.143926398251782e-09,1.5143725061271543e-07,0.9999759608619497,7.149559452884524e-09,2.1976307200596173e-05
dia14_utt5.wav,neutral,neutral,True,5.997774342726843e-06,6.844588433180623e-05,2.442305263090639e-09,6.387568458351803e-05,0.9975049478477034,1.2850512052273374e-07,0.0023566018616128373
dia153_utt2.wav,neutral,neutral,True,8.07449846712433e-06,4.862182189403423e-07,8.186518348619637e-05,1.120855314026732e-05,0.9998935391477602,2.385635720015344e-07,4.587835355416344e-06
dia153_utt3.wav,neutral,neutral,True,3.395821358587587e-05,2.295197624488919e-05,2.1271697964804738e-06,0.0019446274711027666,0.9955044515727861,0.0013425720393138074,0.001149311557170077
dia153_utt4.wav,fear,fear,True,1.97136103737666e-08,7.445806278435425e-10,0.9997411515645389,0.00024063072892090522,6.10181124719921e-09,1.0286599852195937e-06,1.716248655261296e-05
dia153_utt7.wav,neutral,neutral,True,0.00044292757064335583,8.661020418201823e-06,5.172862618735898e-08,7.008039791057873e-05,0.9993649058502306,8.700820460668463e-06,0.00010467261171058483
dia154_utt4.wav,neutral,neutral,True,1.2756449341184559e-05,2.3008193010295245e-07,0.00010838135102921919,2.690571375636941e-05,0.9970950345663661,5.3594362827974176e-05,0.00270309747474898
dia157_utt0.wav,neutral,neutral,True,0.0029646166516529805,2.894914742847043e-05,0.03755368870049649,0.001355589248348556,0.5463325134492363,0.4112671471636683,0.0004974956391688129
dia157_utt1.wav,neutral,neutral,True,0.0005851343746512398,3.964757429520174e-07,5.753809722305203e-06,0.002212614386828214,0.9965490306568229,0.0002626641181724858,0.00038440617805978475
dia157_utt3.wav,neutral,neutral,True,0.00026629949484585207,1.2775551978745938e-06,9.581877000202484e-07,0.0003794393294808442,0.9969960273914372,3.228644852307289e-07,0.0023556751768528585
dia157_utt7.wav,neutral,neutral,True,2.3002590788980116e-05,0.00013994050838060757,2.4487334922746774e-05,0.24402615128285818,0.6341417368467003,0.017482915005360738,0.10416176643098857
dia15_utt5.wav,anger,anger,True,0.9984296950019956,3.1403066828898284e-08,5.14201556010255e-10,0.0008154718188661338,1.6726198197239323e-05,0.0007380745772525208,4.864198938060828e-10
dia160_utt9.wav,anger,anger,True,0.999475833302605,2.1113601438767712e-05,0.00014853498674287607,0.00014912090911716356,5.9851129662624096e-05,6.135646148818588e-05,8.418960894530216e-05
dia164_utt4.wav,neutral,neutral,True,3.343122251829649e-05,0.0028366530295751645,1.3138462419738776e-07,0.0008316096226644901,0.9961511673983765,0.00013942228702169346,7.5850552198015345e-06
dia166_utt1.wav,anger,anger,True,0.9991389481315504,1.559671719929642e-05,0.00015766471080875844,1.4911000972417446e-05,4.6523882865810917e-07,0.0006568425054150794,1.557169522536119e-05
dia166_utt10.wav,fear,neutral,False,0.012340220109604476,0.009311082353325612,0.37147491615254036,0.013103913559413172,0.22451745893959457,0.3685163878992821,0.0007360209862397921
dia166_utt11.wav,anger,neutral,False,0.4955268819801636,1.0749211319356077e-05,0.02592257055456326,0.012057397085739338,0.3715564243441529,0.06899144696223217,0.025934529861829474
dia166_utt12.wav,neutral,neutral,True,1.8192877013862586e-05,4.747178071538686e-08,1.045102480373003e-06,0.009354582915578119,0.9903495819669265,6.301625041882141e-09,0.0002765433645952054
dia166_utt13.wav,neutral,neutral,True,3.7957039690100804e-06,7.037733240869992e-05,7.3256425432947e-09,4.0270322787644946e-05,0.9998217440637351,3.0200128750222467e-07,6.350325016952658e-05
dia166_utt3.wav,anger,anger,True,0.9997911777475675,3.8368679874342006e-07,1.796535483975721e-05,3.4844536933034954e-05,9.865757418180817e-06,0.00012792296273842502,1.7839953704488507e-05
dia166_utt5.wav,sadness,sadness,True,0.0005037134917790704,4.378178335864438e-09,7.21430003877874e-08,5.69279752919029e-05,1.5578586525792285e-05,0.999330234964791,9.346846043347215e-05
dia166_utt9.wav,neutral,neutral,True,0.0006868068982888379,3.2259580325336876e-08,4.2978779344889255e-07,0.0014430836375252665,0.9970336993230691,0.0002871263907514594,0.0005488217029916961
dia168_utt0.wav,disgust,neutral,False,0.004858094318045564,0.8958283608089292,0.0019232640898230098,0.00047935395006018305,0.0031614079568771532,0.09281160204385751,0.0009379168324073901
dia168_utt11.wav,anger,anger,True,0.9956697483706727,7.976282494487017e-07,0.00012950861733321034,0.0014375348437175796,0.0026655598112902607,6.801182126597329e-05,2.8838907470749896e-05
dia168_utt2.wav,joy,neutral,False,3.1044464558442926e-05,4.0827216966675874e-07,1.483593693812039e-10,0.9939015975617171,0.0060267777006993315,3.9203027257048795e-05,9.688252392403646e-07
dia169_utt14.wav,neutral,neutral,True,2.6772906349940074e-07,3.110702393120082e-06,4.532655905103588e-07,2.128092400805463e-05,0.9994154101915711,0.0005593527747556309,1.2441261788843386e-07
dia169_utt18.wav,disgust,disgust,True,9.221780467274488e-08,0.9999886562789275,7.886287599822635e-06,5.051996551750701e-10,3.2916467531103134e-06,6.624443788646457e-10,7.240127079122174e-08
dia169_utt20.wav,neutral,neutral,True,3.762450489621491e-05,3.1867453739434257e-07,3.917907534331439e-06,0.0014502164012703772,0.9945290044890975,8.663508817253287e-07,0.003978051671782455
dia169_utt5.wav,surprise,surprise,True,0.00010771125752042503,1.2141469288969287e-10,2.1069077966611424e-08,0.0031775003940889045,0.00034774854006819757,7.00838973009233e-05,0.9962969347205288
dia169_utt8.wav,surprise,surprise,True,8.588614385974627e-08,3.7029507776159865e-06,0.0007257721447638036,0.0009603806518855014,0.00022077796646256036,1.8913679551803686e-07,0.9980890912631711
dia16_utt1.wav,neutral,neutral,True,2.8084979316899944e-06,5.874201341265503e-07,0.0020598388340435773,0.0041471419005213745,0.9931316515447813,0.0003803863770179943,0.000277585425569747
dia16_utt2.wav,surprise,neutral,False,0.00013495577103463457,4.917319564564434e-05,0.00195345640153201,0.003489644577235688,0.023176548142030587,3.296790861164671e-05,0.9711632540039098
dia170_utt0.wav,surprise,surprise,True,8.648689662204165e-06,3.992838006036628e-09,8.213129660902651e-05,3.9044494653671845e-05,0.0013086855540764694,4.068113613210437e-07,0.9985610791607994
dia176_utt0.wav,neutral,neutral,True,0.16918056645002202,2.9933281951225245e-05,1.08966230907169e-06,0.005083071414194145,0.8105124199289523,0.0147748825744632,0.00041803668810815937
dia179_utt1.wav,anger,anger,True,0.9991761125014117,4.6495254407801923e-08,0.00010810495341080904,7.406986696674734e-07,5.1996619444303e-07,5.28755570949593e-07,0.0007139466294882385
dia17_utt2.wav,neutral,neutral,True,0.0005503390526022954,0.00010541413807614122,0.0044989192699283935,0.32726626259471775,0.5957814792053989,0.06755463330362936,0.004242952435647187
dia181_utt0.wav,neutral,neutral,True,0.0005814478156252362,1.9882543803250048e-07,1.0763765328650037e-05,0.0010692573279094317,0.9975668569648242,3.0926071948213224e-05,0.0007405492289263039
dia183_utt1.wav,joy,neutral,False,6.7717095678678754e-06,1.5747921248930555e-07,8.522405533197047e-07,0.9324501876027934,0.06734125383064678,1.306135206505868e-05,0.00018771578516106488
dia183_utt4.wav,sadness,neutral,False,3.95095527001938e-05,0.0014954263783034695,4.338986259140845e-06,0.0635157820113,0.24000756523111896,0.6647655983478779,0.030171779492440286
dia183_utt5.wav,neutral,neutral,True,5.3918319139223276e-05,0.00021344045537454056,6.437998534555374e-05,0.0010155809359312944,0.9982907010925438,4.4377112726146904e-05,0.0003176020989392361
dia183_utt6.wav,surprise,neutral,False,0.0001941297060640413,0.0014824008880204552,0.001747068301670253,0.08134427292219931,0.1836656831729836,0.1149540172640119,0.6166124277450504
dia183_utt8.wav,neutral,neutral,True,6.4570090855360394e-12,5.974606060658249e-05,2.5092949308536377e-07,4.948478964559997e-07,0.9999318810268778,2.896034873547243e-09,7.624232634242628e-06
dia185_utt3.wav,joy,joy,True,4.310713827956342e-07,1.5092393524058265e-09,2.273322678645061e-08,0.9986846703149427,0.0011349922608967751,1.69556227097578e-09,0.0001798804147492145
dia185_utt7.wav,neutral,neutral,True,0.0002063432399902829,0.00042294013313053574,1.61492535722133e-07,1.8213346379214282e-05,0.998971096932164,0.0003770337312984083,4.211124501748113e-06
dia186_utt3.wav,sadness,sadness,True,0.0037547081135451527,0.0018063940228974246,0.006812499052608845,0.00014730682970476913,2.1404574151441556e-06,0.9846352151071284,0.0028417364167003154
dia188_utt0.wav,neutral,neutral,True,2.9280825403028535e-07,8.33612806253855e-07,1.1308192714559538e-05,0.06774883872669994,0.9291719505871375,0.00020657666799822437,0.00286019940438939
dia188_utt8.wav,joy,joy,True,5.728173055984279e-05,0.0009979708284224569,0.006426035051119783,0.9922922253826035,3.137931139541749e-05,0.00017316897367475805,2.193872222434701e-05
dia189_utt0.wav,joy,joy,True,4.0427469997789064e-05,0.00018351711040544313,0.0011081691222888472,0.9984641771383621,2.119677144474668e-05,0.0001735920025187522,8.920384982235269e-06
dia189_utt4.wav,neutral,neutral,True,9.004446478749339e-05,2.475178836296249e-06,1.2198548597463579e-08,0.00025007200307030893,0.9996497525463341,1.7027564518425794e-06,5.940851971428656e-06
dia189_utt5.wav,neutral,neutral,True,0.0022259505078626586,0.0002850779402190483,1.732928907128573e-05,3.47157015121109e-06,0.9973947404346136,5.815071503637456e-05,1.5279543045806677e-05
dia189_utt7.wav,surprise,surprise,True,4.615720100764006e-07,4.5533407130609823e-10,4.3622276704565873e-07,0.00023429203361676536,0.00018419342710734393,4.642307981374013e-05,0.999534193209351
dia198_utt2.wav,anger,anger,True,0.9998419797644233,1.3080652007240099e-06,8.018545407847232e-05,3.593881094274485e-05,5.910097845512601e-07,1.2026838233457628e-07,3.987662718778626e-05
dia198_utt6.wav,joy,joy,True,0.0014935387874629423,3.4142816848232256e-05,0.00039744155826934905,0.9979015159568526,0.00015079830153207378,1.544073243071398e-05,7.121846604196376e-06
dia198_utt7.wav,joy,joy,True,0.0022218839146314886,1.2681557867562203e-06,8.224221658434162e-05,0.9976290867976126,4.416181967605085e-05,1.533526663561943e-05,6.0218290733023e-06
dia198_utt8.wav,anger,anger,True,0.9992621752811842,5.776835640049434e-07,0.00015297340159526585,6.673852744049617e-06,0.00024685606346488173,9.73313818685743e-06,0.00032101057926047205
dia1_utt0.wav,neutral,neutral,True,6.041929425794513e-05,2.0353729077979917e-05,2.6104779705608383e-05,0.08241153566683258,0.9167613589982312,0.0007200576989382106,1.698329562789694e-07
dia1_utt4.wav,joy,joy,True,7.410225266135405e-08,1.2000149054352184e-06,4.1022651347085137e-07,0.9971216041523102,0.002832593987097293,1.5011335430086312e-06,4.261638337794483e-05
dia201_utt0.wav,neutral,neutral,True,1.4935718195240802e-05,1.265120276568334e-05,1.9245752487852277e-06,0.004483262701220239,0.9950355425542489,0.0003719575537986275,7.972569452260013e-05
dia201_utt10.wav,surprise,surprise,True,0.0013393257669899563,1.254822862872283e-07,1.6761511839110105e-05,1.7387630163513027e-05,0.001083036710580381,1.7003089521272744e-07,0.9975431928672456
dia201_utt2.wav,joy,joy,True,1.2767237269562851e-07,3.609660096664978e-05,2.9513179138899437e-05,0.9996061952917109,8.246158906372654e-05,0.00022900778269316485,1.659788405375202e-05
dia201_utt3.wav,neutral,neutral,True,5.782334858162577e-05,2.9042989092679774e-10,1.6423474320743435e-07,0.00032458404986790315,0.9982342290309525,7.830672845558588e-05,0.0013048923169693407
dia201_utt6.wav,neutral,neutral,True,0.021354571445882983,1.4912883186820114e-06,3.760504054110784e-05,0.03617831678825141,0.9335106639502625,0.0008393315771702239,0.008078019909573023
dia201_utt8.wav,anger,anger,True,0.9959510387158238,1.30821775636462e-05,0.0004273448598275812,0.0013324240370529428,2.024750705993991e-07,0.0022513904222398453,2.4517312421318612e-05
dia202_utt0.wav,neutral,neutral,True,5.810304706519872e-06,6.904016659190164e-06,2.297923676667926e-08,0.001394321852367877,0.9957827265604866,0.00018809157787780207,0.0026221227086652655
dia202_utt2.wav,joy,joy,True,0.0003221175748774162,1.0516630086622538e-09,2.2058588093333146e-06,0.9972966917780444,0.002358960325298289,1.93092137077365e-05,7.141976000238793e-07
dia205_utt1.wav,anger,anger,True,0.9987665130674404,8.305106461505224e-09,4.336515017775532e-09,0.0003221521087678163,0.0007983948146202034,0.00011053680941832547,2.3905581318197105e-06
dia206_utt0.wav,joy,joy,True,0.0022902134074580436,1.2226049183538472e-06,2.0572667741519673e-05,0.995913783761672,0.0013680425237069225,0.0003584507947057295,4.7714239797483795e-05
dia208_utt1.wav,neutral,neutral,True,0.0003137881470017807,5.892443024387136e-07,9.697834148516538e-06,0.0010114109083414328,0.9986388088501861,1.0864745331976662e-05,1.484027068760406e-05
dia208_utt10.wav,neutral,neutral,True,4.036538580350347e-07,0.0001230156163694847,1.675705018510955e-05,0.0004566013969887232,0.9979401107215697,0.0006957746824370943,0.0007673368785918476
dia208_utt2.wav,neutral,neutral,True,0.018775460362390264,9.5183796867612e-07,4.928232394320578e-05,0.14368949210530377,0.8334028811646641,0.0010311981306630057,0.003050734075066935
dia208_utt4.wav,sadness,sadness,True,1.2678512684857504e-07,1.799765450459789e-06,1.567677765271249e-08,5.122026324707773e-05,1.9424211198650294e-09,0.9997771480186433,0.00016968754833360784
dia208_utt6.wav,neutral,neutral,True,1.7487478293838787e-08,1.0100632899993794e-06,3.267773655142736e-07,0.0009300393687589563,0.990806054128204,2.1540261755345718e-07,0.008262336772285866
dia208_utt8.wav,surprise,surprise,True,0.0003289771946809866,9.536484555793566e-06,3.2270551375444875e-05,0.0005591231995742276,0.00023417541771245803,1.3007420194261348e-05,0.9988229097319069
dia20_utt1.wav,joy,neutral,False,0.0030410288120106235,5.3053311164063715e-05,6.872598592858967e-06,0.710071194071998,0.2865176883160296,4.777340564361635e-05,0.00026238948456111977
dia20_utt7.wav,neutral,neutral,True,0.00016294812240044815,1.5562418865883e-05,9.917511822439045e-05,0.0006868088148576986,0.9960651994405476,6.788485399830041e-06,0.0029635175997040426
dia211_utt7.wav,neutral,neutral,True,7.1226093668741224e-06,0.00013779196672783028,6.097742635188415e-05,0.26188886633749764,0.7355224920366266,0.0023719432391334804,1.0806384295626667e-05
dia214_utt2.wav,neutral,neutral,True,0.0001315073530434376,2.172354973831898e-06,2.449113875812743e-06,0.002823003843645328,0.9968150781355636,0.0002254203995997767,3.687992984356059e-07
dia214_utt3.wav,sadness,neutral,False,0.007013217141821905,0.000708728164661851,0.23032131770612257,0.00038304042904301104,0.1399098655923284,0.5078148898015498,0.11384894116447242
dia214_utt4.wav,sadness,sadness,True,9.072043869331536e-05,0.0001330431132775016,0.0006140644253814535,0.0009156462107465552,4.8347886591471926e-05,0.9981641877680297,3.399015727985571e-05
dia216_utt3.wav,neutral,neutral,True,0.002996413966834587,8.44451094996565e-05,3.5550939015906224e-06,0.0018826915115701163,0.9942286780746995,0.00033242155641922803,0.0004717946870751934
dia227_utt2.wav,neutral,neutral,True,0.0014392863625067222,2.7148027876149392e-05,0.0002742512501554089,0.0035239066592127172,0.9942059300347974,0.00020740587065637767,0.00032207179479515536
dia229_utt5.wav,joy,joy,True,0.0006303429440180029,5.7694794350897496e-08,3.0308569988573732e-06,0.9959407276943922,0.0026083479620920696,0.0007288205398106961,8.867230789401037e-05
dia229_utt6.wav,neutral,neutral,True,4.099282177668892e-07,3.560684538539839e-13,1.0160929254498701e-07,1.9629347144212376e-07,0.9999977606326581,1.4749255449041397e-06,5.661045922381713e-08
dia229_utt8.wav,neutral,neutral,True,0.0013098865851819662,3.197497762080041e-05,4.6087034299786875e-05,1.0574820886136756e-05,0.9978787111997567,0.000675560771395355,4.720461085934007e-05
dia230_utt0.wav,neutral,neutral,True,0.005621227141522279,2.3596288656180436e-09,1.793146445704417e-09,0.00012707859825530226,0.9942377562847095,1.3278322172172857e-05,6.555005653783057e-07
dia231_utt11.wav,disgust,disgust,True,1.4392763162792477e-06,0.9996150069217581,2.597450278895049e-07,0.00010090933536739772,0.0002482009013817223,3.2923294162077776e-05,1.260525986684137e-06
dia231_utt9.wav,fear,fear,True,0.00031071090341502477,0.00011701614886822404,0.9975838401576612,7.095659809240948e-05,2.619760647435953e-06,0.00013710536901072597,0.001777751062305017
dia237_utt1.wav,neutral,neutral,True,0.0013032044057770765,4.7858919051138226e-06,0.00027227318070433855,0.0017913359214097844,0.9964263967275074,5.113226039038012e-06,0.0001968906466572136
dia240_utt13.wav,joy,neutral,False,0.06390414789449439,0.014932499561141413,0.00028433967861351325,0.7384960114295277,0.16352442971718636,0.010850297651524492,0.008008274067512118
dia240_utt15.wav,sadness,sadness,True,0.005373792312325797,7.676026398571192e-09,1.115696350692818e-06,0.0029882588033148965,4.784542461118375e-07,0.9915966707298959,3.9676327840239843e-05
dia240_utt4.wav,surprise,surprise,True,0.22176239902144787,1.313226795217614e-06,0.00015709207277809755,6.835445261699597e-06,0.0003859852180974036,0.0021686282627880363,0.7755177467528318
dia240_utt7.wav,joy,joy,True,6.294495819108945e-05,8.583765426665849e-07,2.420952584977927e-07,0.9946233168103271,0.005240865073538985,6.924239753043871e-05,2.530288611023486e-06
dia240_utt9.wav,joy,joy,True,0.00035705192721890164,1.4388207189881663e-07,1.5218564648736038e-06,0.9986000385217411,0.0009921541569535167,4.860076678367722e-05,4.888887663129603e-07
dia241_utt1.wav,joy,joy,True,0.0009425937731663571,0.0006722248548387073,0.0008678320004207443,0.992650739770883,0.0002247289317532547,0.004145572961706753,0.0004963077072313816
dia241_utt2.wav,joy,joy,True,2.1555164493075037e-06,1.1867082489499819e-07,2.273187318784799e-06,0.9960115501131019,0.002060227473792303,9.442875828683157e-05,0.001829246280225982
dia241_utt7.wav,surprise,surprise,True,0.0006488435855660163,2.9853790959324413e-06,2.1991823055538945e-05,0.0011681874510245836,0.0003503665167824199,0.00016662076951491585,0.9976410044749606
dia241_utt9.wav,joy,joy,True,0.0003177889304125188,3.303741263027301e-06,8.577739490502913e-06,0.9983552744503522,0.001239051343549647,1.4993149123027644e-05,6.1010645808820816e-05
dia246_utt10.wav,neutral,neutral,True,0.012542534191706407,7.994289337354401e-05,0.004901987693338998,0.24291917315293732,0.3175691827223449,0.14941025149736667,0.272576927848932
dia246_utt11.wav,neutral,neutral,True,0.00022013038306520658,0.0005685348928227092,1.4094981943851657e-05,0.006489529524950423,0.9916309732786152,0.0009955829048102153,8.115403379243042e-05
dia250_utt5.wav,surprise,surprise,True,0.0002815180136114729,3.252599433156232e-06,0.00020712850729488378,0.0008180111676077877,3.046210352206506e-07,0.001064469435472962,0.9976253156555446
dia252_utt14.wav,neutral,neutral,True,0.0027177226799206524,4.981251205814726e-06,5.7845202784358633e-05,3.3259140188074265e-05,0.9970869869088916,9.88984702596261e-05,3.0634674969219697e-07
dia252_utt15.wav,neutral,neutral,True,0.006739729643495689,4.033272878502948e-05,1.8697620834642746e-05,0.0032882454927568583,0.9851129079213905,2.000765272461737e-05,0.004780078940012635
dia252_utt16.wav,neutral,neutral,True,1.0662482850033547e-06,4.6937589133168116e-08,1.923766681685325e-06,0.0015204023987001993,0.9962346584265412,1.1043967073421647e-06,0.0022407978254952972
dia252_utt18.wav,neutral,neutral,True,0.00012206050381046787,9.29787433206379e-12,1.3261701908037368e-05,0.0030151631053109127,0.9965014498497221,3.653910033368812e-06,0.0003444109199172977
dia254_utt15.wav,anger,anger,True,0.9997593957819071,1.6079833866920295e-09,7.210229242964384e-06,4.921586433357436e-06,7.852642253887105e-05,2.425194840719176e-05,0.00012569242348724747
dia254_utt6.wav,anger,anger,True,0.9992165744787881,7.822866767837546e-09,1.90430956732677e-05,4.460571739987995e-05,2.437605590831456e-05,1.533230874175576e-06,0.0006938595984895148
dia254_utt8.wav,sadness,neutral,False,0.007922698512810859,5.575811664726676e-05,2.392946954169843e-06,0.06260502789727974,0.008003849511912034,0.9213292263686963,8.104664569958521e-05
dia257_utt0.wav,neutral,neutral,True,1.2308548912701073e-06,2.475874484393174e-07,2.364275398398657e-06,0.009299764424410549,0.5514734009097589,0.420899323845773,0.018323668102319314
dia257_utt2.wav,joy,neutral,False,0.09771559841524301,0.0010188898475033082,0.012301791292350182,0.44519507860132307,0.05772224532204827,0.006477096047618325,0.3795693004739138
dia258_utt1.wav,neutral,neutral,True,0.2234335444493111,2.7521502181530917e-05,0.00011218074307598455,0.006858606465318655,0.7667533501173619,0.0009948043514726107,0.0018199923712781951
dia258_utt11.wav,joy,joy,True,2.7838511429844743e-05,2.9864668803776717e-05,0.0023152226088754987,0.9874377849858301,6.493871705901858e-06,0.01003857520283549,0.00014422015051945066
dia258_utt3.wav,surprise,neutral,False,0.00017788956171449046,3.775582728306417e-06,0.0002153601932006944,0.00017116701821652088,0.20617891649451114,4.7859176580878e-06,0.7932481052319708
dia258_utt4.wav,neutral,neutral,True,0.0068592102349822,1.7872992772438e-05,8.47839243679739e-06,0.013042206055468986,0.979717170570512,0.0003106270743709083,4.443467945662762e-05
dia258_utt7.wav,neutral,neutral,True,0.00014569241260473141,0.01532369947935941,0.0003820685709174754,0.3218726863364186,0.6319348983371165,0.025165620750747388,0.005175334112835923
dia260_utt3.wav,joy,joy,True,1.1831593305156705e-06,5.156697159597686e-09,3.069459669776729e-07,0.9969322012548384,0.0030601593201835444,4.8660273289306e-06,1.2781356543594861e-06
dia260_utt5.wav,neutral,neutral,True,0.0010755035345106304,2.950832115019266e-05,1.12641490641315e-07,0.0016314034413621305,0.9955070028202269,0.0017100700240631982,4.6399217196546326e-05
dia260_utt7.wav,neutral,neutral,True,0.004858828775077858,0.007026191856434652,0.0063580190692331595,0.005958364554281699,0.8611936254954694,0.0052268800032423315,0.10937809024626097
dia261_utt0.wav,surprise,surprise,True,7.007650224158323e-05,5.522373319125266e-12,2.5505810026025985e-09,6.589858820815911e-07,9.717275976944761e-09,1.2972428094886165e-07,0.9999291225142162
dia261_utt6.wav,neutral,neutral,True,3.6587004359723554e-05,3.619772217073321e-05,2.3043720616326215e-07,0.004795383972934541,0.9941036939085831,0.0007411870010361995,0.00028671995370950704
dia261_utt8.wav,neutral,neutral,True,0.00029116038300143254,5.862677338247015e-05,1.5623171999218122e-09,0.0003863704046266176,0.9971815637719114,0.0005014489141842203,0.0015808281905766114
dia263_utt1.wav,neutral,neutral,True,3.378342118754898e-10,2.3873384214417044e-07,2.700940791894803e-06,2.012239865678004e-05,0.9989818253553197,0.0009676351604235007,2.7477073131700482e-05
dia263_utt6.wav,joy,joy,True,0.0005754572037912287,2.392246407587568e-08,0.0002759036057317143,0.9983850030494528,2.3006388263593747e-05,6.498308431765547e-07,0.0007399559994537806
dia264_utt0.wav,anger,anger,True,0.9952550480221334,1.5230328731821917e-05,7.259571457581367e-07,1.272940821087526e-05,0.004553797772889228,2.7562908945870337e-05,0.00013490560194321914
dia264_utt2.wav,surprise,surprise,True,5.163653827677681e-05,1.4586809119013303e-11,8.564792502163765e-09,8.807470019792338e-07,1.9072037973502737e-08,1.803454962246803e-07,0.9999472747178078
dia267_utt10.wav,neutral,neutral,True,1.6633511265294223e-07,4.880208379073853e-06,3.1702777780314754e-07,0.0021768093923227286,0.9978023882630024,4.4974067397184607e-07,1.498903273143817e-05
dia267_utt3.wav,sadness,sadness,True,2.1633330186632082e-05,4.719914091038182e-06,3.541819983974331e-07,0.00025854596802540826,4.715916472509149e-06,0.9996910265356302,1.9004153595849685e-05
dia267_utt5.wav,surprise,surprise,True,1.682375906507145e-05,3.541410675587641e-09,3.406664494407286e-05,0.00036243904360600064,0.0017449555925704641,1.589063959934133e-05,0.9978258207788043
dia267_utt8.wav,sadness,sadness,True,0.0010786780456913461,1.6537380422941871e-06,1.802675717730951e-08,0.00047116676693736596,0.00013101362415812173,0.9983166027786339,8.670197798489438e-07
dia271_utt2.wav,joy,neutral,False,2.4689466298091247e-06,0.0006561100060236208,0.0002066058030585473,0.9065282435174334,0.05232737649964123,0.0029035249454655164,0.03737567028174794
dia274_utt2.wav,anger,anger,True,0.9950414528835007,0.0004757718105904242,7.09526727345906e-05,0.002081575605570553,0.00016974487397211098,0.001479648220684751,0.0006808539329465356
dia275_utt1.wav,neutral,neutral,True,0.0465466238956645,0.0009189631674987445,0.015643689194713678,0.02121364610361317,0.670513987441656,0.01879086325239445,0.2263722269444593
dia28_utt16.wav,surprise,neutral,False,4.711440070210692e-06,0.025792516917771263,4.241871425112079e-06,0.4349111249401713,0.0009651034795161718,0.00514845394795958,0.5331738474030863
dia37_utt1.wav,neutral,neutral,True,5.623664637831383e-08,1.6709781811599374e-10,4.681112011491157e-08,9.327809072895174e-07,0.9952664924061572,6.75276035384742e-07,0.0047317963220358345
dia38_utt1.wav,joy,joy,True,0.0008780894625871157,6.206502653858673e-07,1.3908939079946013e-08,0.9941558456591681,0.004947181762092856,4.312831537140147e-07,1.7817273793741814e-05
dia38_utt3.wav,joy,joy,True,3.6748841289447026e-08,9.023268253353034e-08,7.233890775918152e-07,0.9957679632412577,0.0031205720237375534,0.0010881217626025025,2.249260180099605e-05
dia43_utt1.wav,surprise,neutral,False,0.0017254822726541998,4.990538512723233e-07,0.00010605087874517897,0.0026100103469634877,0.26997040844082854,0.0019399897800016816,0.7236475592269556
dia47_utt0.wav,sadness,sadness,True,2.3044556687870447e-08,1.0231440867751326e-06,0.00015626369676404535,1.8071037273483735e-07,3.01627356256639e-05,0.99971413557536,9.821109323414667e-05
dia47_utt10.wav,joy,neutral,False,0.00572673127695875,5.701592416091673e-06,2.876020729778196e-06,0.9795617594032783,0.009910184909983081,0.003945053030708041,0.0008476937659257642
dia47_utt6.wav,sadness,sadness,True,0.00015508723938853904,1.2807410869544133e-06,0.0004305733029955261,1.693347641844861e-07,0.0001333962364244731,0.9990866083432423,0.0001928848020981662
dia49_utt2.wav,neutral,neutral,True,6.133438397312319e-05,5.273553458065885e-06,4.1191896154103847e-07,4.133652947136575e-05,0.9993687444184043,1.4806635830297776e-05,0.0005080925599011909
dia49_utt6.wav,joy,neutral,False,0.010604201371919652,3.5570341635533936e-05,0.0008825979781116216,0.7914356725956934,0.13342552424035609,0.0015011110699402008,0.06211532240234345
dia4_utt5.wav,fear,fear,True,1.1219497631824641e-07,1.4771584661087224e-10,0.9999865809689699,3.059366208682245e-07,2.4178244998311567e-08,1.7160040923780505e-06,1.1260569379895223e-05
dia4_utt8.wav,neutral,neutral,True,2.7094817833462663e-05,1.1781017233384653e-07,9.093843315511663e-08,0.0013452496145828362,0.9985896434219013,2.864405226718792e-05,9.159344809788788e-06
dia51_utt2.wav,neutral,neutral,True,0.00304225824132603,0.00034514229569873616,1.2139945812285466e-05,0.0005889707394530229,0.9953633515320993,0.0004004395132965773,0.00024769773231415865
dia52_utt7.wav,surprise,surprise,True,1.924010561915395e-07,3.1702543566771765e-09,8.444511918104574e-09,0.00023312900357070176,3.305069481693081e-06,3.27980880590477e-05,0.9997305638230661
dia52_utt9.wav,neutral,neutral,True,0.00033118493277723235,9.388489204086632e-12,1.0329414818361181e-11,0.00221900669154052,0.9971659971879658,2.3260093824988823e-08,0.0002837879079046733
dia5_utt8.wav,neutral,neutral,True,8.518384269679782e-07,6.817710593999746e-07,2.4414783626026858e-05,0.007365310962978916,0.9508623664116171,6.715657375816527e-07,0.04174570266655403
dia64_utt10.wav,joy,neutral,False,0.0015259660187004521,0.006880466125801157,0.00028680510988365453,0.5313389114367368,0.20238809172688704,0.25744504459927364,0.00013471498271740926
dia64_utt11.wav,anger,neutral,False,0.35460023317258227,0.0011025153105824917,0.0028470268916315662,0.2314634579946255,0.14615852589206363,0.006152611256600135,0.2576756294819144
dia64_utt12.wav,sadness,sadness,True,1.6052963976908163e-05,0.0001579062988487758,5.2286856435148485e-09,2.9310267586222273e-08,1.7256081960879556e-09,0.9998260044349196,3.769323342246666e-11
dia64_utt14.wav,surprise,surprise,True,0.0003344205918497743,2.4073053890468627e-06,0.0003475201464316739,5.3943462622355004e-05,8.679941020444951e-06,0.0021770872410972883,0.9970759413115895
dia64_utt16.wav,neutral,neutral,True,0.0009687445411086911,0.00010706160637715214,2.0860740025704442e-06,0.002015124515749745,0.9969032376219814,2.1077961489295882e-07,3.5348611655271745e-06
dia65_utt10.wav,surprise,surprise,True,0.0013909475384211425,9.356662919982086e-05,0.0016574563104845084,0.0008031069892892311,3.904393990774343e-05,3.48281560582907e-05,0.9959810504366392
dia65_utt3.wav,disgust,disgust,True,1.1427130935008635e-05,0.9999523565087531,3.959222994928302e-06,2.480119775110915e-06,2.9561526565332506e-05,1.5838231011012337e-07,5.710866620356135e-08
dia68_utt1.wav,anger,anger,True,0.9983994419905341,7.637220798045398e-07,4.4238215812892e-09,0.0006530254526294035,2.1071192983142408e-06,0.0009446548560003941,2.4356367035444415e-09
dia68_utt10.wav,neutral,neutral,True,4.7445588049701814e-07,2.1290771023194724e-07,0.0003221822373120268,0.0006069590900028231,0.9990315958817118,1.1388009715680379e-07,3.846154728555504e-05
dia68_utt12.wav,joy,joy,True,0.0008020029371031273,1.012318853558584e-06,9.782140823918291e-05,0.9950765699328553,5.8469699255173166e-05,0.0018813531270982038,0.0020827705765953824
dia68_utt14.wav,neutral,neutral,True,0.035813193152060135,3.960395557487994e-05,9.408268975048437e-06,0.0003072265566461343,0.9565229934132478,0.0007594216133817272,0.006548153040114326
dia68_utt2.wav,neutral,neutral,True,0.0005770720136407985,8.537917140914398e-07,1.6485035169657678e-08,0.007763012657723086,0.9916043730019727,2.3486473155080002e-05,3.1185576759023327e-05
dia68_utt4.wav,neutral,neutral,True,0.0022097946869470662,1.5779195469919976e-07,4.706750460010158e-10,3.509923838701694e-05,0.9967047425518862,4.123311084509334e-08,0.0010501640270391024
dia68_utt6.wav,neutral,neutral,True,2.0075017845708604e-05,5.813721876640581e-06,5.047696652169894e-06,0.0020148883254337223,0.9979375584347008,7.098048569890315e-06,9.518754921061103e-06
